6766676666 87667776.

6176366166 66666166 66( bie 61666666 bet 67666666. 667 6716776666 216666, bie 666
76 666 6666166666 6661661666, 666 bie 6676666666 27666666 76 2166666 6666616666.
7176 666 66717τί66766 916666 666 67167 6677666767.

66161149. 68. 142. 489. 791.

mmmmmffl

6666661661 (6616666616) 6. 188260161.
810. 819. 820. 829. 880. 361. 404. 416.
421. 484. 449. 468. 460. 496. 499. 628.
669. 664. 672. 677. 680. 606. 618. 629.
681. 684. 687. 644. 648. 662. 708. 746.
764. 764⁸. 769. 778. 776. 788.

6666616666 (beten, 8666667) 68. 170. 486.
689. 672. 619. 716720. 761. 778·.

66767666 416.

667166 428.

66766 269. 408.

66166661 102. 108. 284. 888. 418. 427. 444.
446. 678. 696. 606. 619. 708. 764, 790. 796.

mmmmmmffi

6616167766 (661. 6671676) 164. 821. 628. 824.
826. 8262 861. 486. 496. 623. 088.

66711272.

66667766 1. 6616766.

671661 107. 214. 808. 869. 872. 876. 888.
444. 446. 446. 604. 606616. 667. 674.
664. 701. 782. 7868 7877, 746. 792.

6661, &bestente 60. 87. 118. 180. 178. 192.
194. 282. 868. 898. 412. 480. 608. 664.
628. 668. 7142. 7172. 727. 7867. 786.
787. 7627. 7778.

676166 pictor 66666 2776166 720.

6666766 426.

666666 94.

66676766, 66666766 7117.

66666666 i. 2671666666.

wawmmmmm

6661166800.

66676661. 666.

66166 (667. 666676) 7141.

ssmmmm

ι 6666 808.

617716 166, 386. 646. 606. 720.

66676616, 366666 11. 47. 66. 66. 67. 60.
97. 98. 108. 110, 111. 160. 164. 178.
188. 216. 282. 271. 272. 840. 877. 879.
419. 488. 484. 489. 442. 467. 481. 484.
608. 646. 668. 667. 7269. 726. 748.

mmm

66666 704,

2167766661 663.

616661. 67616666.

6766777766 279.

9111666, 6666668 676. 786.

6116167 666 217676( 6. 10. 22. 80. 61. 88.
188. 186. 179. 181. 182. 188. 186. 187.
198. 206. 270. 262. 261. 806. 861. 429.
480. 609. 681. 608. 606. 660. 707·. (7197).
742. 743. 7622. 764.

6166667 666 6616166 (116). 610.

6166667, 667666 67.

6166666, 6766666676 67.

61676 766.

6167766, 61666676 647.

member bet (66616 (7). 178. 186.

9116666666 71. (748).

6166666676 606. 661.

611666 666 9776661 402.

61666 160.

Almanni 6166666 764⁶.

61616166 281. 826. 827. 881. 462.

616661, 6666 709·.

mmm

67766166( 127. (266).

67766 866666 764.

61766766 642.

6667768 704.

6616166116, 61. 4. 168. 888. 462, 669. 681.

 

