488

80008000, 81. 888. 118. 011.

81018000 000 1101αηί00 100.

80081το1, 18001801οι00ηὲ (10). 710.

Bernhardus 0 80100 708.

Bemhardus caecus ἱ. 3111100,

800ομ0000010001

8110010081). 18100000.

80011 100.

80810100 711,

8001100081 110.

8111100 (001. ulmum) 778⁶.

Qfflwmmmmm
888. 392. 481. 470. 478. 848. 888. 894.
719·. 798.

8110οι0 011. 777.

8100οα001 in 80101 (08).

fflitntu 808.

mwfflmmmmm
429. 827. 881. 707·. 7100711800. 807.

80101110 78. 73·.

1810101, 01018001) 7170.

-, (beuta 000.

1800101110 (70).

80000000, 11000000 ἱ. 0018001.

8001100 010·.

80011110 18. 224. 321. 711⁶. 786. 788.

8011108οτ9, 0001010 0. 181.

8010000 000, 801.

8010800000 718.

8001800. 8001018.

18000, 30100 010.

18000, Quae 0. 00.

-, §amatim 0. ἱ. 8011100 ῗςταιι.

Ἐο101110877. 847. 827. 742.

80000 017.

800000180το, 811οτ1 780.

Ἳωωωω

-, &tunt 070.

Brandonburgensis episcopus ἱ. gaqum.

-008010110 740.

18000πὶ10000) &cintia 000180100801111.

wattenbach, 0110090. 877. 188.

8000110001. 800011.

8000, 301000 118. 100. 171. 010.

8000100 88. (011). 010.

8101101101.

8010111081. 738.

8001 808.

180011, &regom bet 80110 108.

ῆωωωω

-, &regat (80010008) 00, 1071118171,
178. 241. 871. 284. 888. 709“. 718. 773.

-, &imon (188).

811080801ἱῴ8 810ρί800.

8008, 8008000 (001).

800000, 801001ἰὶ80 ἱ. 81110010.

801000 000.

1800100 801.

80000 {- 8000.
8011000011,8011)1)00οι10. 110. 000. 170.

’ 80111100 130.

8000, 0101110000 18. 01.

8001000910, {manu 00. 000100. 101.
mmmmmwmm
288. 318“. 421. 488. 408. 848. (888). 871.
888. 818. 844. 882, 718. 717. 719. 720.
714. 788. 708.

-, (11018000 000. (710).

110000, 811001) 0. 87.

8000010010. 001.

wawww

8001001, &anfi 178. 710.

81181 882. 881. 881. 886. 884. 880. 887.

mmmmmmmm
848. 848. 889. 7071.

0001100110. 180, 808. 810. 400. 410. 448.
488. 481. 881. 711. 748. 748. 807.

mmmmmm

ssmwmw

00110100, 810000108011000017 000. 010.

-, 18017000( (100. 000),

001010, 8010000110.

000100010130080100 01. 111.

0101000, 3010000ιο 100.

80010000030000000 171. 000.

0010019ςί,0000080 81. 81. 710.

01000, {salmane 010.

00010001). 00010001.

01000ςὶ01, 00000100 161.

0000110, 8110019001 (101). 7100.

0010001110 7011.

0010 7110.

01110000, 30800000 (17). 100. 180. 700.

-,11100110 101.

00080010 007.

&emmonim 807. 108.

&mmmm

Charitas 300. 418. 110. 188. 484. 818, 888.
888. 841. 847.

0800 173, 088,

0100101000 001.

0008000000, 81100. 087.

0000)οᾕ0000 181. 700.

&mmmmwmmm
888. 880. 717·. 780. 787·. (708). 808.

01000 &tart ἱ. 01000.

 

