244 11111111, 111 11111111 111 1141 ss. sss-4⁸4

11111111 1111 111111 1111 111 111 111111111111 11111111. Ut Barbati pras
dicant: ,‚Dooot, honorem osse tribuendum canitioi“; 11 111 11 ben 11111

1111 scissis: ,1111111111 11111 111 11118) 111 1111111111111Η 1111)
1111111111) oum braeo3 non sempor olim3 11111 111, bom 11111111 ¹¹).’

11111. Ν. 1ι; (1111111111 Hirz. 1111 ahod. 111.

1)Por.= -111111111111, — 2) 1111111111 111 Episcopus 11111 1111 11111. 401
1111111. 311111111111111111111111111111 6111111111 &took 111111 6111111111
1111111111 som 1111111111 1141 111111111111. 11111111. 11111 1111 11111 &soor ³¹¹ 1111
6111111111 Episcopus 1111111111 - 1) 111111111111611111111111111111111 111. 1111
11111111111Η.ΧΠ, 118. - 4) 111111 1111111. 1114114. - 1) 11111. N. 1. 1. Pas:
,111112 olio 1111111. 1111111 1111111111, 111 111111 111111 111, 1111 111111 1111111111
111 11111111 1111111. - 1) (511111111Ρ11111111111111. - 7) 1311. 111. 411. - 8) 1111
111111 barbatus! - 9) 111111111111 111 111111 11111 6111111111 1131 11111111111
111111. 114·Ι - 10) 111111 111. 11. - 11) 111111 111. 74.

111. amomo 11 sonmo).

Sic eom infimam consolatus est: ’11111 111111111111111, 11111111
1111 111 11 1111111111 1111 111111 11111111 11111111 [eroco. 11 11111 111
tomen 1111111111 111 111 111 1111111 111 111111 11111 1111111111111111,

111 111 111 im 111 1111111 1111111111 111111111111111111111. 1111111
11111111 11111111
111, 111 (11).

1) text: 8111111111, &elicitos 111 (111111 (6111111111) 1111111 11 1111111111 111
11111111. 1111111, 11111111 111 11111111 11111 1111111111 11111. 1107. (11111111 11111118.

111. moso.

ε1111 111 11111 imaginatio 111 11111 11111 111111, 111 111 111111111111
io 111 111111 1111 111 1111111111111111111 1111111111111111 11111111,
1111 111 1111111 111 111111 11111 111111, 111 111 11111 111111 111 sum 111111
111 111111 1111111111 [sussen 1111111111 bem 11111 111 11 111111 111
111111 1111111113

11111 (4 exos).
ι) osseos 11. 111 oss 11. 11111111, oste τι.

484. 11111111.

11111111111111 11111111111111, 111 11111111 1111111 1111111111111
1111111111) 11 111; 11111 1111111 1111111) 111111 111 11 1111111, 111 otios
111111, 1111111 111 11111111) 11111111,111111111111111111, 11111 111
1111 1111111 11111111111111, 1111 111111 111 1111111111, 111 11111

 

