14 Ι 8151111555.

5115515 155 55 8515115 811151 5555115111515 55515, 15 51551111 551 511
11155115 81111551 511811551151115 511. 511551 5515 1546 15 8515111 5555
55555 111515 81115. 51515 8515115 155 111511111155 8111155155 115111).
115 2. 1151115511 1546 11511111 555 18111155115 5515 8111115115 55111111).
8551511155 551 1115165551555 555511551515, 11151 &cite 44.

10. 1115511111 111515. {in 511 181515511511 8115111111 11151 1535 111
Simon Pluto nobilis Pomerunus, 5511 511111 15115111 5551131515 5511111511
1555 51151 511551115 8115511111 111515 15155115 1115, 5155 11 11151 11151 11
51181111 511 Magistri3 15551 5511 11151 15 511111 115 Georgius Pluto Hem·
burgensis 151 81511555 1531. 8151511151, 511 1115151 65551555 555
5111511155 551, 5151551, 551 511111815511111111515 11555 15 1555511 1540
5115551155 511155 8515111111155155111 15511). &eine 8155155115 151115
5115 15 51185511 1540 5115 15151551, 11151 15111148.

11. 8555551181515151511151), 115 51551511 1811115511511, 155151 15
181511111511111 1533 551341511551111. 1531 5155 11 51185155 15151111
5515 1111151154), 115111 5511 15551 5515 5515 1811115555 1511111. 115
18. 5151115511 1539 55151 11 1115511111, 555 3 1551 155111, 55 11. &ep
115511 1539, 155151 11 ,551 511111115151111151” 5515 811111 555 1151115551
51151111), 55151551 11 5515 511511, 1151515851151, 55 511181515511511
115151111151511155111511). 1546 1551 11 perun 511551151555111515115151151.
15481551 115515115151115 18115517). 851 11115511 1558 11511 11 55151),
5515 5515515 5511 115111515151115, 5155 1559 15115 11 ,,551111115” 51555511),
1151511155 11511 155 51151 551111115158511115 551, 5551515 551 1151115511
11151 55551555 51111151. 11511 515 815511 111511 collectaneo colloquiorum
1111111515 5115151. 8151515115 5155115 11151 1155151155151111151551185511
1541-46, 55 11 8515115551 11555.

11. 855511151511155111), 5155115 1519,115511111 1531-40111811115
5115, 11555 555515 5511 11515 51151 11 5551111 1115115555 55 851515 menig:
11155 51511111 11 15 511 11511151 55 1115115151111855515555515118555
1545 555 46. 1545 1151111155518111155115551511. 81 1551 11 511115
555 515 55151115 85511 8515115 1111555515 115151111111 151 5515 5511111111
115115 811111 5115 (51511515. &eit 1551 1551 1155151151511151811551, 1111

1) 1151511511, 3551511111. 1, 184. - 50515115161511. - 3) 811. 1355
551. 5515 51181516, 116. - 4) 5115155511, eueni. 11 555 106. - 6) 1151515515,
11οι1101186). — 6) 651. 11151555516151 515 11. 511. 1111. eorp. 1151.
4, 884. - 1) 81. 11. 8111551115111511155115115 555 1811551. 1,161. - 6111561-
15115 propositionum Pieffingeri . . . oum praefatione M. Jouuuie Amiiubri. — 51155
51111,191(811.66); 11511 (51515 551, 5515 1151511515, 11151151 85551555515111111151
8515111555. 1,1. 8151111555. - 10)1”1511115111551111151555185515515511(85111155)
11. Est 1, 19011.

 

