Eum 111 11111111111111, 11111111 11111111) burun& 1111 et 11111 3111
jehu 111111 11111 111 {uqi 11111111, 11 111111111111111 1111111111,
aba ἰιι itiner &amulung 111 ῖ111111111ι 111 111011111111111 1111111111.

inin 111. 59· 1111 111 111 111 ᾙ11111111111111111 13111111 111. ῑ3·,
121⁸. 1351311· 111 3:³5· 11111111 Ἑ1111111111 1111111111111111. 1111111111
gibt n} ἱιι §eina 111. 225 111 1111111111 1111ι 1111111111111ς111111ι
111111111πὲ 1111111ςί11, 111111111111 &maele 111. 2²:³5⁸, 111 13111111 11111
1111111111 1ιὶ11111111, 111111111111111 1111111111 111111 1111111111, 111
eben ἱιι 111111 men 1111111111 11111 11111111111111111111111. auf
&Into 11111 1111111111ωῴ 11111111111111111111111111 1111111111111111
111 111. 13, 121 111 325 111111, 111 111) 1111111111 11 1111111111 11111111
Bu. 111 Mem. 11111111 1111, 1111111 111111. 316· 111 1111111111111 einer
111111ιί11111 1111111111. 111 nciam md 1011 1111 bier 111111 1111111111,
1111 11111 &uide 111111 111 1111111111 1111ῃεὶ11111 sum.

111111111111116111111111 1111510 111 111 11 111 1111111111 ῷ111
1111111 11111 1111111111 11111111, in einer 11111111 1111111111, 111111111111111
1111111111 111111 111 1111 1111111111 1111111111. 1111111111, 111111 111
111111 9111111111 11111111ῐί1 111 1111111111 111111 1111111111 11111111 111,
1111 1111111111 111 61111111 111 1111111111. 11 111 fich 111 1111111111111
{einez 1111111 11111111, 111111 11, 111 111111116111111) 111111 11111 111 [tien
1111111 1111111111111111111-111 11111 111111 11 1111111111, 111 11
1111111111 111111 11111111 111; 111 9111111111 111111 1111111111, 111111
ῦ1111111111111311111111111111 1111111111 11 11111111 - 111111111111111)
1111111 1111111111 111 11111111116111111111111 1111111111. 11111111 1111111111
geht 1111111111 iu 11111, 111 11 ,111111 11 ,11111111 1111111111 1111111111 11111111
11111 9111111111 1111111111 1111 1111111 1111111111 11111111, bod) 1111111
11 nod) 1111111111 gemet 1111111111.

1111111111111111 11111 111 1111111111111111111 in 1111111 1111111111
11111 maen 111 ῇ111111111111 11111 11111. 311 1111111 1111111 111 111111
111 111111 111 111111. 111111 11111111 11111111, 111 111 ten 1111111111
1111111 menig 11111 1111), 1111 11111111 11 1111 111, 111 1111111111111 111111
11111ῐεί11111 111 111111 ᾥ11ι1ἱ11111111. 111 1111111116111111 111111 1111111
111111111ᾥ111ἱ111111111 11111111 1111, 111 11 111111111111611111 6111,
11 11111 111111 111 111111 1111111 1111111111 111, 1111111 11111 1111111111
1111111111 1111111111 111111111ῑί1). 11111 111111111111111 1111 11 11111111111111111
[u 1111111111, 111 111 1111111111111111111, 111 11 1111111111111111111
1111111. 111 1111 1111111111111111111111111111111 111 111111111111111,

1111111111. - 1) 11111 11111111 ,1111111111 111. 11111 11111111.
61111 14. - 1) 1111111 111111. N. &cite 14.

 

