22 1111111111.

1111 111111111111 11111111 1111111111, met 111111 1111111 1111, 11111
1111111 1111111111 11111 11111 6111111111 111 111111111111 111111, 111 et
111111 1111 1111111111111 1111111 1111111111111111) 11111111.

1111 ben 6111111111 1111111111τὶ11 111111 11 net 1111111111 111111 11111111

11111111 1. cr 1111 ein 111111111111111111111111 11111111 1111, 1111 ct 11111
3111111111 1111111111) 11111 teimau 2. 11111111 1111111111 11111111 111111
111111, 111111 1111 11111111 1532 11140 11611111111111111111111111111111

tabem 3. 111111111131111111111111111111111 1111111111 4. 111111 1111
tem 6111111111 (111111 11111111) 3111111111 &clatet 11 1111111111
1111111111 5. 111111111111111111111111 1111111111 6. 1111111 114611
1111111111.

§Die ssifte 111111111111111111111111111), 1111 11 111. 111 111 61111
11111111111111111111 111 11 1111111111 1111111 ber (1111111111 im 1111111111
6111111 11111111, 111 1111111111111 111111111111. (11111111 111 1111111, 11
tenen 1111111111111111 11 nurinberg 111111111111 contenit, 1546-10,
111111 1111 1111111111. 1111111 1111111111 3111111 1111111111 6111111111 tunt:
1111111ῑὶ111 (11111111111111111111111111111111(1111111114) 1111 1111 11111 1111111
1111111111 111 111111111111111 111111 1111111111 bet 1111111111111111111111111
1111111111111111, bod) 111111 1111 1111 11 11111 1111111. tt 1111111111, hector:
1111111, 111 111111 111 1111111 1111111111, 11111111111611111111111111 111
111111113111111111111111 1111111111 it: 11111111131111111111111111, 111
111111111111111111, ter 1111 11 tet 1111111111 1111111111111111111 111 11 tet
1111111111 tet 11111111111111111111111 1111111 111.

11111111 1521 1111111111 obet 6111111111 1181111111111 11111115).
6111111111111111111111111 11111111111111111 [cut 1111 11 111111111532-40,
tc 1111111111 1111111 mcc 111 1111 &clatet 111 &thule 11 1111111111111
111111. 81111111111111111111, 111 1161111111 1551 1111111111 inuncti:
1111111 1111111), 1111111111 nicht 111 11111111 1111111 111111 11111111, 11111111
1111 111111, ein &obn 1111111 111111 11111111 11111111. 1111111 1111111111
111111 11111 111 1111111111 1538 11 1111111111 1111111111). 311 &umnec

1) 1111111111 LH. XII, 111. - 1) 3111111111, 6111118, 1111111111 6111111.
16111111 111 t. 111. 1111111, (1111111. bct 6111. 1111111111. 1, 111 fiuntd. 1111111111
11111 1111 1111. 11111111, Ministromm dioec. Annccbcrg. nomenclator (1118) 1111111111
[idn. - 4) 81111111 6111111111111111. 1111111111 0111111111 libr. manuscript. in Bibl.
Sonat. Giv. Lips.‚ 111111 1111111, ncxffl. 1.). Det 1111111111 1111 leot-1741 1111111111
111 1111111111. tt 11111 111) 11111, chet 151111 11 1111 111 111111 11111 6111111111 Men
11111 Coepta secundet, unt 61111 141 1111111111ὴωὶ111 11111111 tutet 1111111111.
tat. 11111 1111111111111111111 111111111161111 114·Ι - 1) 11111) 6111111111 1111
et 1111, 11. Deccmbn. horn 1. pom. 11 111111 111111 111 10 311111 1 1111111111. Dte
1111111111 gott 111111 111 111 1111111111 1111111. - 1) 11111, 1111111111 tet 111111.
11111111. 1, 181. - 1) 11151111, 111.

 

