468 2119595911ἱῴ96 fflegiftet.

23191191 14. 151. 169. 249. 382. 393. 395. ,2 9195119119,39191 (776). 777.
403. 422. 433. 465. 471. 518. 546. 572. i 61991196 136.

589. 603. 607. 632. 752. 761. 767.
2399591999 374. 375. 461. 529. 595. 697. 699
ς3191991993 12.

2319199996 2311119991ρῇ116 39.
ς1191111111ιὸ 691115 (599).
manue 195.

ffinttyugotnss 125. 600.
23911996 183.

ffiubbinen 169. 208. 409. 470. 594. 596. 777.

3191191 278. 527.
31993911 499.

3191111991, &noel 187.
31991191 ἱ. 6119Β9919115.
9199999 38. 519.
3199199119ηᾶ 199.
Realea 379.

31959999 527.

81915995919, 399191 bauz 9. (286).

fflecbtfettigung 3. 92. 134. 158. 216. 247.
249. 291. 334. 382. 389. 393. 459. 467.
515. 552. 585. 595. 607. 623. 719. 745.

748. 764. 778. 805.
819ῐ911919199 32. 253. 714. 745.
319999δὸ919 140. 169. 543. 546.
3199111116, 111599 2ῗ1. 288.
3191999191 711·.

3191199199 68.

mein, 3111199996 281.

3192111119, 31111999 402.

menter. fflmhtnffiuss 505.
3111969919111116 91..

111119ῃὶ96 ἱ. 319ῃί116..

31119111, 611191111611991 139. 224. 738.
1111991116, ἱ1111911196 166.
3111119911ωῄ unrici] υ. (719. 738).
31115191, manniae 709 ·.

8119991 ἱ. 31991116.

31191116, 399999 293.

1119521196 2111696 230.

51915115 196. 455.

31911, 51. 68.

315191, &eota 12. 94. 105. (164). 205. 306.

347. 404. 470. (644). 667. 770.

910111, fflfimet 10. 45. 80. 83. 100. 179. 181.

185. 186. 193. 268. 271. 359. 399. 456

463. 470. 566. 575. 581. 582. 583. 596

597. 601. 653. 661. 663. 711⁶. 712. 714

7179. 719. 725. 725⁸. 737⁶. 738. 745

749. 7538. ⁷64⁸. 767. 772. 781. 787. 809
3191995919, 11999999 9. 708·.

81119911 999 &nebien 743.
31119991, 39999116 (748).

Ruta Samum-a ἱ. 3199199119ηᾶ.
319991, ῇ9191191) (361).

69511911) Ῑ. {seimane

6911991591 776.

69111999, &cmg (29).

&udam 73. 92. 139. 241. 358. 359. 385.
563 353. [6651. 710. 734·. (737). 743. 7523.

6961199196ῃῇ 77711.

Sasstameutafii 237. 241. 310. 329. 442.
641. 644- 667. 768.

69991919, 899999 597.

6991191191 602.

&utrumnum Ῑ- &theubatum

61119191, &almum 663.

ffiulr. fflknrfln‘r-ett υ. bet 181. 189. 241.

69191119 705.

&domo 234. 362. 401. 423. 549. 565. 588.
624. 783. 796.

&nabata ffiiicbo? 999 ἱ. 8999.

69199119, 3195111991 169. (723).

69199119, 691991119991 328. 602.

&amad 256. 257. 362. 370. 388. 424. 425.

69911999 be 6991993939 400. 767.

69991 11. 999 21911199 (522).

69191) 790.

6911999991 754.

&nul 247. 256. 267. 586. 642.

&mammam ffiussth- u. 391). 26. 572.

6959111911599, &ebert 2116.

69599915919, 16191 ὶζξῡῌῡῑιη υ. 395.

6159169191 ἱ. 8191969199.

&chenu 39195 26. 27. 47. 95. 154. 169.
162. 178. 271. 272. 277. 288. 508. 546.
558. 560. 586. 659. 723θ.

695911, &cing 380.

615911 ἱ. 69599199599.

69119911, &eota 39.

&ebidem 239119999 (69991115) 42. 48. 50.
54. 56. 60. 65. 101. 108. 109. 113. 117.
121⁸. 128. 132. 134. 136. 140. 148. 149.
153. 154. 158. 178. 181. 188. 191. 198.
229. 240. 242. 243. 487.

. ξ 6951911191, 2391111999 ἱ. 6115119.

1

 

6911111998, micel 327.
69519999 33. 36.

6911191199 644. 707·.

615191, 6191911 υ. 310. 723.
69519111, 3199111991 169. (723).

