11. 111, 111 61111111 111 11111 1111 187

11111111111. - 11) = 11111111. - 113111111111111111111111. 1111111111 1, 1111
11111111. - 18) Joh. 1, 1.Ι - 11)1111;,111”. - 10)1’111,111111111111;Ο111.ε
1111111111. ·— 11) 811111 111 1111111111. 611111111Ρ11.1111Β.1,111; 1111,
11 (11) 1111 1, 111 (11),

573. Opus operatum.

Cum legeremus ¹) in mensa Anthonii Margarithaffl), 11111111 baptizati,
libellum (16 variis ritibus 11 ceremoniis Judaeomm, inquit Doctor: ε01111111
religiones, quae dissentiunt a vera religione Christiana, 11111 ex opere
operato: 11111111 111 1111, 111 1111111111111111111. Sed tenenda 111
regula, quod omne opus operatum 111 idolatria. sie papistae, 1011 1111111
1111111, 1111111 opus operatum. 111111 11111111 1111111111111 1111111111
11111 111 111 11111, 1111 1111 111, 11111) 111 111 11111 11111111 111. 111
1111111 11111111 &ulte 111 11111111 1111, 111 111111 1111111, 111111
1111111 1111111. 1111(Θ.111) 111 111111 111 1111 1111 11111, 111 11111111
111111. 1111111111 111111 11 11111111 1111, 11111111111111)11111111
111111 11111, 11 1111111111 11111 1111111 11111111. 11111 1111 111, 11111111
1111 1111 111 111 111 1111111111 111111 11111 11111 1111111 1111, 111111 11
111111 111 1111111111 11111111 1111111111) 11111 1111 11 111111, 11111111
11111111 11111, 11 1111111 1111111111 11111 1111111111 111 11111111 11111111
1111 1111 11111 1111 11111111)

Tum quidam: ,61 111 11111 1111110111 11111 11111, 111111 11111111
1111 1111 11111111 Doctor: ’1111 1111111111 111111 11111111 11111 1111111,
1111 11111 11111111 111, 11111 11 1111111 1111111111 1111111 1111 1111111, 111
1111111 11 111 11111111 111111 111111111 11111, 111 11111111111111, 111
1111 1111111111. 111111 1111, 1111111111) 11111 1111111111 1111 1111111
11111111 1111 111111, 1111 11 111 111111 1111111111 1111111111 1111111111

Mati. N. ⁶233 1111. 1111 FB. 1, 111 (sa).

1) 11111 1111111111111111, 15111141. - 1)111111111111111111111111111111111
1111111111 111 1111111111 11111111. 11111111, 111111111111111111111111111. 1, 111.
&tin 1111111111 111 1111111111 ,111111113111111 11111“ι - 1) Fan. 1111 1111 1111.
- 4) 11111 111. 1, 1. - 1) 11111111 -1-,11111111111111 1111111111 ,1111111111
111,111111111”1 - 1111111 ,,1111111”. - 1) 1111111111.

174. Adam.

Interrogatus, an Adam plures genuerit 111161, quam 1161, quorum fit
mentio in bibliis, respondit: ‘Maximei Quod vero statim¹) soth introdu-
11111, hoe fit propter lineam Christi3 nam ex 1111 linea 1111111 611 Christus.
(ἔτ’) 1111111 11111111 1111 111111111111111111111111. 111 1111, 111 111
11111 1111 111 11 111 1001111111 111111, 1111111111 11111111111111111,
910 1111). 11111 111111111111111111111 111 30111 1111111 1111, 11111

 

