1111111119. ’59

111. 719; 111119. 1536. - 111. 72οε 161119. 1536. - 1117221
18. 119. 1536. - 111. 7271 14. 111. 1537-111731 (19911111 1111111
1111111111, 111 11111 12. 1119. 1536 11111111 11111, 11191. 111. 719. —
1111111 111111 111111 111 1111111111, 111 11 111111 11111111 111
14. 11119 1587 111111 11 111 1111111119 9111111). 1111111119 11611111

111111 11911111 111 111. 739, 740, 745, 747, 7521117749 1117401111 ‚
111111 18. 111119 1587, 111. 747 111111 21. 111119. - 11112. Sani 1536
1111 111 1111911111 11111111 111111 23. 11111 1537 111911111111 11111119
1111111 11911111 111 111. 711, 732, 744, 745111 749. - 311 1111 1537
9111111 111111 111 111. 748, 1111 111 1111111111 1111111911 1111111 91911
111 1111111111, 111. 754, 755, 757, 764, 776, 777, 784111 785.

1111 1111111 111111 111 111111 111 111 111111 1586 11137 111111
111 1111111 11111111 111 111 11 111 1111111111 111 colloquia 8111111111
11111 1111 1119111119 111 111111 1111111ἰῇ11 1113111919 111 11 (11111
119111, 111 26 111111 111111 9111111111 11111 1191911 111 111 5111191911
1111111111 46 111111, 111 11 8111111111, 111 Ser. 111 65111111, 111 11 111
5111191911 1111111111 111111. 11 1111 11111111111111111 1111111191 11111
1191111 11111119 11111 811119119111111 11111 111 91111111111111111111
91111, 11 1111 111 1111 1111111111119119 1111111111 111 11111111 111111
311111 1536111 37 11111111111111, 1111 111111111111111 111111 111 111
11 1111111111111111 11111111 111. Sd} 1111 11111111111111111111111111111
1111 111 11111111 1115111191911111111111111111191911111, 111111 11111

65 1111111111 111111 11181111111111111111111111 11111119111111111 1111, “

1111 11 1111111111 111111, 1111 1111111111 1111111911 111 1111 111
1111111111 911119111111, 111 1116111111, 111 11 1111111919111111111111
111111, 111 11111111 91 1119111111. 31111 1111 1111 911111119111111111
111111 11111 1111111919111111111111 11111111 1111 1118111111 11191111
111. 7011 281111. 15363 111. 71911 1111111111 1111111119, 11191. 111721
111. 724·; 1. 111111 1587; 1117811 1. 1119. 1537.

111 1111165111111 111 5111111111 111911111111 1111, 11111 1111 111
111111111111111111119 111 11111111111111 111811. 1111111111). 1111 111
26 111111, 111111911911111 Ser. 9111111111 11111, 1111111 111 1111111111
9111191111. 11191911 11111 11 111 46111111, 111 1111911911 11111 111, 1111
111 111111111111 1111111111. 5111 1111111111 Ser. 111111 1111111 1111
111 11111111, 111 11111 111111111111111111111111111111 1991111111 11
111 911111 11111, 1111 1111 11111181111911111, 111 1111191 1111111
9111111111. 6111111 111111111 111111, 11111 Ser. 111111, 111111111111

1) eorp. 1111. 1321. - 2) 1191. 111 708⁸, 111 111 Η11 respondit mihi 111
111 1111111111 9111111111, 111 1111111111οηὶ9 111 1811111119 9111191111 1111.

 

