1101011000. 17

000 0011111001001101001000. &ie 10101 1169 000 11. 11. 810010 10101101
110101011000810110001011011010100 11000010 0001101. &ie 0011010 1000011
100 1100101100 100 110010οἰ0 110011 1101010101 1100011001 1011111010το 001
0011 10111001 110 0010101001). (1111111101 0100 0001001100, 101110001
1800110111 11001101 00010111 00 1001100101100 100 6100110111001010110011001
10100101 1011010 1111111 100. 1100011001 11001 01000 11100 00 111101 1182
101111001000, 0100 10100 1111100 11010110 1101011001), 001001110101101 000
110 0100 000 11000 110100 101 111111, 100 1804 00010111 1100101100 10 111110οε
1000100010, 110 1001101011 00000100. 1111 1111111838 1011010010 11001,
100 1000 110 1001110111 0011 101000 0001100 1110010001000 00111010101000
61011111110101, 100010 0100 01011 10 110 1001111100011011000 00100000000,
1001000 11101 0010001101 00110100 100 0010001100 11101000 100 1111111101οη 111
1011000 110100. 80 100 000100, 1838 000 1. 11. 11. 11000000 101001
00001000 0010001100 1010100 100 1001101011οη 100 11010010οτ (110111111101101
10101 110 0001 01011 0001101, 0100 10 100 0010001100 10101000 100 1111111101οη
111110110111010010, 1839) 11011 110 60110682 mitten unter 100 0010001100
11101οτ0 0101110 011 1001101011 0000101001 Luther, Maninus. Colloquiv.
Manuscripta collecta 1546. 101. 1100110111.1101100000001000011101010
1101001 6111100001 0100100011 001 1010011 1110110101 011 0001 11010000
60110101 (6000001) 1100100 00000011), 1011101010011 110100 11010011, 100
0001 10011101110100 11001110011101000 10011 001 100 00111000 11100 11110 101100
110000, 011110 001001101001110100 001010.

§oie 1001110111 111 010 001110 1100100 11011001, im 18. 1010100101, 1010
01 10101010001010001010101110100010100 00100100, 100101 101 11101100
1010 1101110011εο 011 110 801100 100 01100 11001οἰ00000 001 00001100 0001
110 1011011101εο0001100110000100000, 10110100000001 0000 10010 101111
001001100 101 11011000 11110100 1101110 (1101110101

00100101 0000110110). Mss,

Snnen 10 100 0001000 1101001101οΙ 111 101 111-111010, 10111111011010
0010100 101 11100101110110100011011 1101001001101 101 1101001000 61001001 ,
ἓὲῗὲζὶτῴζῇοθεγεοτ 10011- mit 1001000111001001000 1100010111 001 100

EX BIBLIOTHECA 11 ERN. FR. WERNSDORFI. Ι).1’1Η]101.

P. P. VITEB.

1) 11110 11011. N. 6011010, 810. 43 0011001. XII. - 2) 110001 1101001οο 101
1000110100. 1801. 1, 000. - 8) ,101100 10 80100101 iuben 001000011001101111000 ,1101
1000101800000001011“. 1, 100. 11101 0001881;811101801110011110001011οτ1 0011000
1891, 01 111 1011011 1010 11100100, 101 1110100000 100011 110 11110111οῐ011 1018010010οτ
1001101011 01111 0010001101. - 4) 111011 00010011 1110 1101100010.

1100100, 8011000 1111001εο . 8

 

