Μ

matheum, 111τί33 333.

33331333 (7) 33033 303.

morin 333 &uthica (30). 433. 333, (333).

3303ῑί3, 33310131 130. 333. 344.

-, 3303333 333.

3030303333, 3131130 34.

Mosomastygos 007.

3Μ333333Η3Μ
347. 388. 400. 408. 413. 400. 031. 003.
080. 030. 033. 000. 008. 040. 067. 718.
731. 783. 730. 731. 730. 803.

30330, Hermanni filius 347.

3330331330 9. 333. 397. 734.

33010333 (333).

33030333 373.

3333337, &chaman 144. 143. 374. 393. 333.
034. 030. 713·.

3003031, &tant 331.

muffet, 3333 709·.

-·, 3301330 47. 100. 307. 330. 340. 443.
073. 748. 708.

memmmmm
000. 008. 043. 7073. 703. 7113. 734·. 737.

3333331331. 333333.

373133 ἱ. 3003.

313030 433.

3734317330 30.

3333330333 41.

37333333 ἱ. 373373.

373303 344.

30330301. &amium

37300 ἱ. 3770033.

373033, 330433 333 733.

37343333 (zuzim 33. 43. 43. 37. 38. 111.
108. 103. 103. 173. 188. 313. 317. 337.
473. 430. 034. 083. 033. 030. 037. 044.
048.

manburg 373.

3133133, 3330313) 339. 343.

3333303134.

30333310 777.

mfflm

3303730333 317. 313.

Necessitas 310.

373303, {mann 18.

3733033133, ,0310331333 (333).

3133303133 334. 333. 343.

mm.

3133 737.

31303333, 3433334333 033. 337.

3130303, &eura 133.

303333 331. 333.

31303031113333 333ᾳὶ03.

30333310303334. 7343.

3033337 173.

37137331) 343. 734.

3307073 033.

37037) 107. 301. 388. 413. 444. 446. (070).
411⁶.

Nominales 373.

3330033133 773·.

Nordhusius Doctor ἱ. Deme.

Norici 333.

ffimmmmw

mmmmmfflffim
730. 730.

0033333333 concilium 713.

03333, 3371031333. 373. 333. 373.

&columbina 3313333 148. 337. 433.

mmmm

03133, 33733 333.

03033 343.

Dg 241.

00333 731.

&mm

0313133033, &urob 133.

3107331133 9. 10. 333. 433.

03731333 303.

Orthodoxi 334. 338.

13033033, 31301333 147. 148. 190.191.192.
343. 430. 040.

431401. 133. 7043.

003 333 37330333 333.

13110373τί33, 37313333 133.

otto. 337301. Deme.

mm&

1033333 f. 3331333.

33303333 1303037 (131).
333033133(137). 148. 262⁸.
33331333, &antee 033.
3331374733 333, 737.
3333333713, 37313373 (433).
3333113333 in 3333 333.

3333337 333.
30333, 33331331 3. 10. 30. 31. 33. 33. 33.

30. 38. 43. 03. 04. 08. 01. 00. 70. 70.
73. 80. 81. 83. 83. 84. 80. 83104113.

. 131. 134. 130. 130. 141. 101. 104. 173.

180. 181. 183. 188. 180. 183. 130. 307.
308. 303. 331, 333. 333. 334. 330. 337.
338. 333. 341. 343. 303. 308. 307. 370.

, 370. 380. 300. 303. 814. 313. 334. 330.
ᾗ 336. 301. 307. 383. 083. 333. 411. 433.

430. 441. 440. 448. 400. 408. 430. 471.

 

