5151511555. 43

11511 1555 511, 55155551155551115515555, 1515551115 55515511 15555
555 mit 5555115555 6115155 5555111555 55551151151115 5551551551 551.
&stt 515 55555555 555 51551555 515555 555 1555 1155511555 55 551115515
5115555515 111115 1515555151 55555555, 55 115 5151115555 555 1115551155
5555511).

1155115555 551 15 515155 915155111 11 3555115155. 915 et 5555555515
55155 151555 11551155 5151 55551, 5551 555 555 5555555515 55555155, 551 55
51515 915555 551 555111515511555655151555 5555155555 551. 9151155511
55115 1151115 551555 215. 519. 1155115555 551 51155555 55551515555511, 551
5115 51515 915555 551 5553511555 1542 55543 5151 555 1151151551 555
5515515555 1155, 1555555 551 515155 151511 115 5511 555 5555555515 5555155555
151. 19155555 5555555515 55155 1115513 511555 1955155 515151155 Cum
legeremus in mensa 515, 15551511155115555 ,91555 1542 1515 211. 9115155155
555 515 555555 511555551155 5151 9115551151 555 5555 555511 1555151
55551519111555555, 5555 55155 1115513 155551 15 555 555511 1542. 9155155551
5555555555 555 515 155555 551ιὶ155555, 515 55 5155555555 1115151551, 1155
15515551 11511 511 1111155555 5511555555. 9155 15 551155 115155111 1155
15155 5511555555 15551155 qauz 5111115115, 155551 55 915555, 5151540115
1555555 155, 5515 515115 15135551540, 5515 15115 151 3555 1541 5511551,
55551. 915. 190, 212 555 352; 555 555515 551 55151 8. 9151555111 515555, 515
15 515 35555 1536 555 31 151155, 5555 5511551 151 35551541 5511551, 55551.
mr. 149 555 152. 115551 51155555 555 55555 555551, 551 et 51515 915555
555 1151551151 55551555555551, 555 55 1151551151, 515 et 5511, 1540, 41
555 42 15 1911155555 5555155 111, 15 1555151 et, 515 51 155 15 515 35555
1551511, 5515 1540, 5515 1541, 55151542, 5555 55555115 55155, 55155
115555 55 5151115 551 555 55115 511 555 515555 9155155155 551 2115155151
555 1540 555 55155 et 551 555 11551555 551155 5555155555 551. 115
555555 6151155 1551555 915511555ιό 3511155555 55515155 5555 5555 Quat:
155155 5511511115 1515.

35 551155 11511555 151555 Rhed.‚ Oben. 555 Β. Rhod. 551 29 115555
15155 15 5151551 91515ιί11 35 0555 551 5551515115 5155 55555 5555
11 1115555 551 515155 11515515 551 51515555 115555151555115555 11151155
555515555551). 9511155555 (Β.) 551 10 5555115155, 5555 5516 55555 111

1) &th. 65115 6, 9155. 1. - 9) Da 5115111551) 5555555551515151115 5111555555
5515 15 1915555555 555, 15 551 55 51515 11 6111515 51505151 5151 555 1115155151, 1555555
5551551555 555 5555555515 151511 5555155555. &t 11 15515151 555 555 555155
1155511555 &amulung 55555515. 91155 5551515551 1555 551 Oben. 81 Par. 8¹¹ 151555
5555155111, 5555 5151155551511155555 5511151115 555551, 551 1355555555 51ιὶ51555 1155
15555 1955155555, 551515, 51515155) 555551555155 551, 515 1115115151 15 555 5511555555
1151551555.

 

