4444444188 mesina.

9141148 498.

9144444444 978.

wwfflm

914441414 104. (148. 444). 814. 898.

-, 91144411 8441 4. 419. 748.

91140144 719. 7951. 789. 744. 745. 749.

9144144180.

9114141111 148. 149. 181. 988.

91444144 418.

9144411941.

9144444, 84441. 811. 479. 809.

Marcus Torgensis 1. 944441.

9141448 1. 81114444.

9144444414 (14 9411444 84414) 7011.

9144144114, 84144148 418.

9114411144 1. 91411144.

914414 169. 598. 588. 544. 581. 589. 597.
604. 619. 687. 648. 659. 705. 719·.

9144144504, 4444444418 88.

9144148 781.

914411. 9444444441.

9114441411 499.

91444 488.

9144114104.

91441141 (404).

9144114, 11. 7781.

9144114 V. 788.

9144414 444 84414444 19.

9141141448, 3414448411 18. 90. 89. 49,
75. 83. 119. 191·. 189. 185. 186. 188.
189. 149. 148. 156. 157. 170. 186. 187.
188. 198. 199. 904. 995. 985. 948. 949.
950. 987. 806. 840. 399. 403. 408. 418.
430. 469. 487. 488. 668.

9141111104 188. 974. 814. 887. 889. 418. (491).
579. 596. 809 790·. 764’. (7711805. 809.

9141441148 881.

914114111441. 115. 189. 859. 409. 498. 588.
mmm&

914ῄωί448 881.

9145445444, 844141 444 488.

9144444, 9114441 7941.

ηωψωπ

{Weber 688.

91441114114148 (441. 9148141114, 1141) 1. 187.
195. 958. 859. 879. 484. 506. 585. 570.
696. 698. 656. 659. 763.

9144144, 91141448 844.

9144444 784.

mwmwmmww
199. 994. 983. 631. 663. 710. 748. 7599.

9141441484 800. 489.

91414411144,11111111(8). 17. 99. 41. 41,

944144. 8414444 8114144444

w

44. 46. 50. 41. 59. 55. 58. 66. 67. 71.
(88). 89. 91. 99. 98. 98. 100. 108. 114.
119. 193, 198. 148. 149. 150. 156. 158.
160. 167. 179. (174). 176.178.181.186.
184. 185. 190. 197. 198. 900. 901. 905.
906. 910. 995. 215⁸. (997). 986. 941.
(951). 958. 961. 968. 969. 987. 988. 989.
990. 999. 998. 806. 809. 817. 890. 845.
awwmwmmfflwz
mmmmffimm
ffimmfflwssmwwwffi
615. 617. 695. 665. 669. 678. 7191. 7179.
790. 7951. 781. 7871. 745. 748. 7539.
769. 768. 785. 786. 809.

914144111448 844444 499.

914144111448 &tau (99). 7871.

914144111444 814444 148.

- 11111111) 4441114144 408.

- 91444 99.

- 9144441444 408.

91411144, 9411441. 81141.

9141111448 848.

9144444448 401.

9144114444411. 9414444 0141111.

914411441ιῴ 871.

Mercurii speculum 589.

914114 141. 180188991. 808. 880. 448.
459. 469. 498. 569. 566. 579. 687. 650. 719.
750. 755.

9181414144 444.

mmmmmww

91141441, 04441 187.

91111441, 11444 798.

9114141, bert 981.

91114, 1114441444 4. 7491.

9111111414ηηί4 749·

9110411, 81411411 (848).

91114 7179.

9114414411, 844414. 701 ⁰.

911444 94. ’

9114144149.

mmmmm

911110 941. 401.

Modemi 979.

914144444, 9141444148 844.

9144114 1. 8111144.

91444 404.

91441444, 114444 888.

9144144 (817).

9144444, 94141148 (788).

9144144014 187.

914444444444918. 999. 805. 876. 899. 417.
480. 459.

80

 

