254 1111111111,21111111111154111111 nt. 311-601

1111. - 10) Paulus 11111111 Η1111111111111 Nobilis, 1131 111 38. 111111 1, 111.
Η11111111 11111111 ex 1111111111 ordine. 61111111 11311 11111111, 119. - 1111101111
e 1111111111 111 Beldewinus Memholdt Nobilis dioeeeie flalberstatensis, 61111111 1111.
11111111 1, 171. - 11) ἵ1111,,111111”;Ρ11. 1111111.

500. 111 et 111111.

‘eae lex iram 1111111111), 1111 11111111 111, 11111111 1111111
- is enim tum 11111113) - 11111111111111111, 1111111111111111111111111,
1111111 1111111111 11111111111111 111, 111 111 1111111 ex lege. 11111
11111 111), Magister Hoieiein⁴) 111 [ibet 111111111011111111111111, 111111 111
11 11111 1111 lectionem 1111. 11111111 111111111111111111, un:
11111111, 11111 111 11 11 111 1111, 111 111 111111 111 1111111111111111
111111, quia eet lex, 11 1111 11 1111. 11111 1111111 1111111111, 11111
11111111 1111111111, 11111 11113

111111. 114011 Fert. 11.

1111111111. 11111 operit. - 1) 01111 1111111, 11111111 11 1111111111, 1111
111 ’1. 111111 1141 111 11111111, 1111 metuite 11 11111 1111111 1111111111 11 Mt

1, 411. - 1)Ρ111.; - ie 111 ederet. - 1) 1111311111 11111111, 1111113111 1111
1111111 1111111111 111,11111111111,111111111 111 11111. 111 111 11111. 1.

101. Oratio servat ecclesiam.

‘Oratio 111 111111 ecelesiam 11111111, 1111111111 11 111 1111111111.
1111111 1111 1111111111 mitte, 111111, 11111111 111 11111111 111111 111
111111. 1111 111 1111111111 11 111111, 11 1111111111 111111 1111111 111
111 111 11111 11111, 11111 111 11111 111111 111111 11 1111 111 in 1111111111,
111111 1111111111 11111111. 111111 111 111111 11111, (118111 111
1111111111 1111 11111 11 111 1111111111 11111 1111 11 111 1111, 11 1111 111
1111 1111111. 111111 1111111 111111 11111111111111111111, 1111111111)
11; 1111111, 1111 111 111 11111111 111111 111 1111111, 111111 et 111111
1111111 ,1111 1111111110- ,1111 111111111 111 11111 111111-
&n 1111111 et: „eo 111 1111 11111 11111 1111 11111111111111. 1111111,
111 11111 1111 1111111111 1111 1111, 1111111111111111111, 1111111 11 111
1111 111111 11111 11111 111. 1111111 111 1111111111 ,,111111111.” 111111
111111, 1111;,,1111111,111111, 1111111, 111111, 11111111, 11111111 1111 1111111
111 1111111 1111111111 11 1111111113

11111, 1. 111 em. 1111 FB. 1, 111111).

1) Μ11111. ’1,1. - 1111111111111111111111- 1111. - 3) 11111111 a
1111111111, 11111 1111111111, 1111111111 1111111111.

101. 11111111.

‘ee 1111 1111111111 einen 11 einen 11111111 1111111, 111111 111 111111
11111111 11111111 1111111111, 111 111111111111111111 11 111 1111111111

 

