60 7777777777.

77777 7777777777, 7777 77777 777 7777777777 7777 77777 777 777 7777777.
79777 77777, 777 777 7777777777777 7777777777 777. 707ο extr. 777 708,
777. 7357 777 737, 777. 75211 777 753 777777 777 77777 7777777777 777777
77777777 777777777777 7777. 77777 777 77777777 7777777 777777, 777 77 Ser.
— 7777 77 7777777777 777777 7777777777 - 777777, 77 777 777777777777
777777777777777 - 7177 77 7777777777 777777 77777777 - 7777777777,
77 777777 7777 7777 777777, 777 7777777777 77777 777777 777777 7777777τί7777
7777 7777 7777777777 777 777 777777777777 777777 7777777777 777777
777 77 77777 77777 77777777 7777 77777777 7777777777 777. 77777 777
77777 1736 77737 777777 7777 77777 777 777 77777777 7777777777 77777
7777777777 777 777777 77 777777.

777 2. 77777777777777 777777 8. 7777777777 77777 77 77777777 777777 777
777777 777 7777777777 77 77777777 77777 7177 77777 7777777777 777777, 777 777
777 colloquia serotina 7777777 7777, 77777 77777777 777 7777777777 7777777
777 777 777777 777 5777777777 7777777777 7777 777, 777 77777 77777 777
7777777777 Ser. 77777, 7777777777ῐί7 777 7777777777, 777 77777777 7777 777
777777 777777777777. 7777 7777777777 77777 7777777 7777 777 &tilde 777. 712
777 714, 716, 717, 730 777 787-809 7777777, 777 77 777 7777777777 77777
7777777 77 777777 7777777777 777777, 777 777 7777 7777 77777777 777 Ser.
77777 777 777777 777 77777 1536 777 37 7777777777 77771).

7777 777 7777777777 777 7777777777 7777777, 777777 7777777777 7777777777
7777 77 7777777 77777777 77777 7777777777 777 777777 7777 7777777777 77
7777777, 7777777 777 777 7777 7777 777 7777777777 77777777 77 7777 Math. N.
371, 373, 376, 378, 379, 455, 776 777 336-370, 77777777 42 7777777177.
7777777 777 7777777777 7777742 7777777777 7777777777 777 7777777777 777
7777777777, 7777 mie 77 777777 7777777777, 77 7777777 77 7777 7777 7777777
were, 7. 77. 777. 749 777 752, 777 7777 1741, 77777. &cite 43, 58 777 61.
Rhed. 777 77 7777777 77777777 32, Farr. 69 7777777777, 77777777 7777777 77777
717777, 777 77 777 777777 (7777777777 777177. Goth. B. 168 777 777777
77777777 777 7777777777 67777777 77777 777777777777. -

777 3. 77777777771777 777 8. 7777777777 (77.809,1-809,747 7777777
777 7777777777 777 77777777 777 7777777777, 77777 77777777 7777 77777 777
77777 77777 777. 8096, 777777 777777 77 1. 7777777 1734 777 7777777777
7777777777 1777777. 7777 77777 77777 777 777 7777777777 77777777 777 77777777

7777777777777 7777, 777 777 77777 7777 7777 77 77 77777777, 7777 77 7177777777
7777777771777777777777 7777 77777 77777 7777777 77777 777 77 77777777
7777777777 77777777, 777 7777774) 77777 777 77777777 77 77777777 777777

17 67777 7777871. - 2) 77777777 777 77777777. 7180. - 8) 77777777
77777777 (1747). 7, 777. - 4) 7. 7. 7. 7, 277.

 

