‘28 3111111111.

11111 1111111 111 11111111 11111111, 111 1124. 11111111131111131111111
111111 1111111111), 1111 11111 1111 3111111111 11111 31111131111111111 1111 111
11111 11111111 1111111111τῆ 1111111118111111111111111 1111111

311 111 4811111111, 111 111111 1111111111 1111111, 1111111371111111
111 111 311111 11111111111111111111111111.Ν.,1111 1111111 111 111111
1111111111 111. 1-162, 1111 1111111111111111111, 111 1111 11111111111111
1111111111111 1111111111111, 111 11111111 3111 1111111111, 11111111 11111111
1111 1111 111 111111111 111 1111 111111113111 1111111111 111 1111 111
1111111 31111, 11126311111131111111111, 1111 1111111 11111, 111 11111111
11111111, 11 1111 1111 11111311111111111131111111111111111111 1111111.
31111111111111111111111 138 1111111 111 1111111111 111111111,1111111111111
133,111111111111111 138 1111111115 1311111111.

31 111111 1111111111 111 311111 163111111111111, 11 111111 1111 11
1113111111111111111111 25 1111111111 111 311111, 1111111 111111. N 3-1,
41, 44-46, 66, 61, 10, 93, 111-122111 133 31111111111111111111
111111 1111111111, 111 111 111 1111111 1111111 111311111111111311111111 111
1111111111111 1111111111111111111131111140. 11111 NI 111111
3111 1544 111 1111111111, 111111 Μ111. N. 6, 111 111111. N. 3, 5, 41, 44,
45 (111 10 311111), 46, 66, 61, 10, 93111 112-1211111 11 11111111111
3111 111 11111, 11 1111113111111111111131111111 1111111111114). 1111111111.
N. 4 1111 1111 1111 111111 11111111, 1111111 1111111111111111111 111 11111
11111111, 1111111 111 judicium quorumdam theologorum. 3111111 11111
16111. N. 132 11111 111111111111111111 1111111111 111111 (18 31111) 11
1111111111 111 31111140111 11111 111 11111111111111 1111111, 111 111 11
1111111111111 111111 1111111 11111111 1111111111 11111. 311 11111111111 111
111111 1111111 111.59·1111111131111111111 11111111111, 1111 11 11111111
onor, 111 11111111 1111111111, 111 11 1111111111111 11111 1111111111111,
1111111 111 1111111111113111111111111 11131111 1540 1111111111,

31111111111111111 1111111111 11 111 111111 1311111 111111 3111111113
11311111111111111111 111111 111111111111 1111111, 1111111111. 131111
111111113111111) 111111 11111111, 111 11 11 3111111111 1140 3111111 1111
111 1111111111 11 1311111 11111111 11111, 1111 11111111 11111111 1111111

1) 111. 411. - 1) 111. 311 111 334, 2. - 3) 61111 11111 111. 344, -
4) 31111, 111 11111. N. 31111 1111111 3111111111 300 1111111111 1111111111 1111111, 111
111111 11111111 11111111 11111111111111111111. 111 1111 1111 1111 11111111 31111111 11111
311111 1111; oudo mit 1111 111111111111131111111 111 111311111111111 111 1111111111
31111111111111111111 111111 nod) 1111111111 3111111111 111111111, 111111111 11 Β, 111
FB. 311 11311111111111 111111 1111111 6111111111 111 11 11111 1111111), 1111 111111
3111111111 -- 11 1111111 1111 11111111 1111 111111111811111-1111111111111, -
1) 3111111111 LII. XIII, 1411.

 

