stt. 414 8111411111 1444 ui 44 289

141144 1114411414. wer 1111141111) 411 141 44111 Albero⁹) 111114 14441,
41111114 114 4141111 11 414 14141411 1414411441 114 1444141, 1111114114
414 11114 11441441 11141 1111 1141411141 4114411441141411, 44111 [14111441
111 11411 11144114114111414111 14441, 41111 441114 41411141111141. 1141
1114 41 411 11411141 44111411 141141 41441 111 14114 411141, 41411141114411
41111, 411 41111411 11 1411 11114 1411411141 114 1141 1444114441 „Surge et
ambula 10)1“ 41111411 1141144111) contemptu verbi Divini 14 ministrorum
11141 mit 1411141 41411 4411141144

414411. Ν. ⁶2⁶3 Fan. ”5⁵3 Oben. 1183 FB. 3, 42'1 (147).

1) 1111) melunduno& 141111 111 11411144 41111ιὶ4144 Gorp. 1111. 4, 882 11111 41411 111414
111 414 3411 4111111411 4411 4ο. W· 1441 (4114411444114414111, 111. itt. 414, 4) 111
1413141441. — 2) 3114411 1111141. Mitti. 414. - 11) tegi: Combures. -
4) mn extinguibili. - 4) 11111111. - 4) 41411 111 4441. - 1) tegi:
„3>eu1†then''. - 8) 31114111 11. 1111114111411444 14141 114 4111141 1141111111
1441141. - 9) 11441 4114111114 11144114 114 {cine 4441414111 114 4111141414 111.
1144144144114, 311 1144 01η). Res. 4, 1114 1114 4118. 111141. {iuli 1444 1111111411
1111) 11 4111141414. 91114111, 8111441144. 4, 1414 111 141144. 111141 11 witini:
4414. 911411131113. 2, 84. - 10) 141414. 4, 4. - 11) zen: ,11111414Ι -
14) 1111111441 111 11 414141 41444 1111 tinet 141411 441 1411 1111411141 14111111.

576. Concordia praedicatorum.

ε41141) 11411 1111 41441141 41 1111141 1441411111 14144 11141 411 11441
(Θ. 213) 4114 114141, 1114 1111) 4141111114 1411441141, 11 1141144 1441 114 .
11411441 111. 11141114 iit 114 411114, 414 114 14144111414111144111141 4114
14111. 34114 1141 44 11141111 114 1114 1111 1411, 44114411114111141141
4141111141, 1114 111 41441114 4411114441, 414 414 1114411 1114411114 4141411
11411 44141141. &n 11144 1114 iic 114 je 111 111111 bet 11411141141141411,
114 414 41441141 14144 1111141 41111441 1411 1114114 44114141. ii, 114441 1144111
44 1111111114 411 41414 4411 1141441, 111141414 144411. 1111141141 1114 44 441 14111
41144111 401114111141 11 1441 111 41441, 41411411 414 1411411141141441
4141141 11114 1441 11111114 1444 11111 411 41111114 1111 1114 11411111 141 111
441141114144114141114111114111 11414411. 1114, 1114 1141141 1111 114111
bem 1141441 11141411 14411 114114 44111114, (1111144 &mi 4111111141 1141441,
414 1111 1111 411 1141441 44111411 1111141 1141441 iit 41141441114441. &a
1111141 11114 1114, 414 44114 1141141441 41111141) 11111 „christus 411
mortuus, omnes⁶) moriemur.“’

Fan. 22⁶³ 0411. 1141.

1) 311 411411 1111141114 11 114 111114 41444. - 4) text: ,,111”. - 4) 1111.
4111141414 LH. x1‚ 122⁶ 111 XV, 1411. - 4) 4111141441 - 4)1“111.; non
“mm-m 4114414 ilicium. 19

A

 

