200 1111111111, vie mum 1111 1140 1111111,οω

111111 11111 111111 11111111), 11111 111 1111111111 111 111111 1111 6111111111
fo 1111 id) 11111 1111111111τῆ aud) 111 11111111) 1111111. 6111111111
1111111. wie 1111111111) 11111 111111 11111. 1111 1111 ein 1111111 1111111 in
einer 11111, mo 111 11111111 1111 1111111117). &o 111111 111 11111111) 111111
1111111111 gut, 11111111 1111111111 11111111111011131) mit gelbt 1111 qe:
11111111 11111111. 11111111 1111111111 1111111111 111111111111. 1011
meib, menn 11 111111 §o 111 1111111111 bnt?

1) 11111111 nane 11111111111111111 1111, 1111111111 dm. -
1) mog 1111111111 1116111111, 11 mantnt, 1411-1481. - 3) 11 1111111 == 111111
1111111111. 0111111 111143. - 018111111111111 1111111111 11114011111111111111111.
11111111 11111 111 111 611111111311111111 111 011111 111 11111111 1111111111)
1111111111 111111. - 1) 0111111 - 6)ἢ1111111111)11)1101111111)11. - ’1) 11111 111111
,11111111Η 011 11111 ε111111,1)11111. 01111114,1,441111990. - 09111111111111111
011111ῑί1111.

359. Erfurdia.

‘811 11111 111111111111111111111101 „Erfurdia oboediens filia sedis
Magantinaef‘ 11111111 abet 1111111111 1111 1111111111, 1111111 1111111111
1111111111 ein 11111 111111) 1111111) 1111 11111111 11111 11111111 2 recht, 11
1111111111111111111 doctor 6111111111) 1111111111) 11111111. 1111111111
111 non 0111111 11111111, 111 1111111 fid) 1111111 gum 111111 111 61111111,
11111111 11111111111111111 1111111 1111111 1111111 11111161ῴὶ11. 1111 hei

111111 &tiberim 11111114) 11111 1111111111 in 111 111111 111 1111111111 11111
1111111 1112111111111111111111, 1111 111111 1111111111 11111111 11111113

1) 8¹¹¹ 1111111 1ῑτ1111111611111 111111 1111111111 fidelis 111 fllia Mogontino 111111.
1111111111 11111111 111111. 1. 111. 1111. Β. a, 101. - 1) 111111111111111111),
111111 11111111 111 21111111 111111111111111111 1113111111 (1459-61 111 1471-81)
111 1111111111 21111111 (1461-11). 1111 1111111111 11111111111111, 111111 5111111 1111111,
1111111 111 1111111111111111110111111111111111. - 3) Dr. 11111111 61111111, 111
111111111τί0 1111111111, mut 1411111 14711 111 0111111111 11161111 1111111111 11111111.
1111111 1111111111) 1481. 11111111, 1111 11111111 1111111 1111111111111. 114; 11111111,
2111111111 911111 6111111. 398. - 4) 11111 &furt im sante 1111) 111111 1111111111
ὕ111111111 111 11111111, 111 1111111111 uriel 1111211111) 1111 11191111111111111111111 11111
10111111111111111111 f. 111111. 01111). 12, 311. 11111111 11111 sud) 11111 111111 111111111111ς11
1111 ia 1110111111 11 1111111. mmm 1, 911.

360. ῧ11111111111.

Cum 11111111 fieret 11111 (1111111111), Doctor: ‘Profectus')‚ 1111111111
11 ein 1111111 pau 111. 1011) 11111111), 11111111111111, 1111 1111111111,
111 1111 111 mune. 2111111111111111200 11111 1111111 1111 8¹1 111111 111111
1111111113

1) 111 0111111111. - 1) 311 provectus 3¹⁸ 111111 1111111111 generis, 11111 111
Ruta 111 011111111βά1 1111.

 

