5151511551. ll

811 151 11515111 515115 555 5111155115 (1540-46) 1511155

1. 11515555 1151151551), 1515155 55 24. 3551 1504 1511551111 515
5515 155 1151515115 11511155111151151155. 5115155115 1515111115 1115151
11515151111155115551 1511 1521 115151515151515 15 1111151511. 1523-25

115115115 51 15 5515111511. 5115 51511155 115115 1151155 115 5551 1511511515
1511, 5151 15151151155115 51 1111155 1115151155115555 1515555511, 551 1529
15515115 51 5551 1111151511, 55 11511515 551 111515511155 51111151 15
1551155, 1551 1151 51 155515 5551 51111 15 511515 1151151551 1515115111.
5115 8511 111151, 1530, 55115 5151555151551555 55 115 551515 15 1111551511
15151551), 551 1532 1151 51 515 5515151151, 1. 1. 1151151 151551515151515
15 115 15151 5111115515 1151111511155515511511511115115155 5111511115.
111515405511511515 51 15 115151 51511551 5155151555151515511111511, 15551115
1511151515 55111151 55 1111 55155111511515 1551151 151551 511515 515 51551
151151155 15 1155151 155511151 5151 111115 511151 155515511 5551 55151115511
15515111115155 115151 1151515155, 551 1540, 51551 15155 15 1511111115 151
1151111151 35115 11551, 151 1151 115 115 5515151511, 15155111511551 15151155.
11511155 551, ,5151151551115 1115151555 551 1515511515 1515155551,
5155115 115 1538 551151555111511155 3511551555555115541. 55 155515 51
15 11111511 15405551 5155151551 115 11111551511511151551111111115155, 551
5115115 115151 15155 511155 1155155 151555 1515115115 1511111551511 15151
351155 15555 551 55511 1111515 5551511551 155 1111151, 155 5115111151511
1551 1551115115 1555, 1511515511511555115 15 551155. 1111 5515151515
5511115551 5111111515551),1515 55 ,155515 55 11511515 51151 1511511

„Db 5151 1551 55151 1151151 51115515 11115515 5551 115115151555155 511
1151 55 11151 555, 5551 1111551155 115 15515 51511511 1515 5111115151111551155
11511, 1511 1115 15511 55111515 151151, 1511151511151 15 1515155115111 1511
151111 11155, 1515 511 1555 1515 15155 condimenta mensae 11151155 15 555555,
115 555 1151511515, 1555 5115 1511115 551 111111515115115.

,11555 51555 55115 151551 15515555, 1115151 51 515 5555111 15 11551
1155 11151 555 5515551 1115 51115 5115155551 1151155 511 11111151 15155.
115511 51511515511511; 3111151515, 1555 55555 15 155151 115 1155155 115
51155 55 511515 55 1515115. 1151151 1151185551), 15 1515115115155
111511151511151511511115151151 15155155, 1511 5155 55, 151 1155111155 5511
115155, 515551555511115111155 551155155, 515 515 1555515115171551115511.

1) non 51111151ῐὶ5151 55115 151 115 id) 15 151 10. 5555151155 1515 1155115555. Die
15115 5151151115 155 11155555 5511511155 1511111115. - 2) 1115115155 LH. VII, 5511. -
51 5515 1151151 11511555 21111555 1511115 115 5115115155 555 1540 1155111151 51151151. -
4)11151151155,5515115.511551151ῠὸ8. - 5) 1115115155111. ΧΗ, 1351. - 6) 51515
55115 201. - 1) 111111511151551155 1551551115155 πολύτροπος.

 

