0111111111. 27

1111111 1111111111 1111111111 11111112111111111 111111, 1111 11 20. 399
1111111111 811111 111 11111 01111111 111111 ego mit 111 18111111 ’31
1111111118

110111111111110111111111111 1111 11111 1111111111 11111111. &ie
11111 1111 1111 11 111 1111111110111 (11111111111111 1011111111, 11 1111
2111111111 11111211 11211 119111111211111 101111111110111 111. §Dae
61111111111111 111111 11 1811011111 11 1. 2101. 31101112111111111
2111111111 1181111111 11111 11111111 1111 1111120. 7 11111111 111111 111
11111111111111111, 1116. 21111, au 11111111. 1111 11111 11111 101111 in
111111 21111111111111, 2058, 1111111111111111111111111, 111 1011111. 1111
11111111 1111111111011131111111111 11 111 10111111 1111111111 11111 111
21111111 21111, 81111), 1111111, 6111111111 111 11111111 111 11 111 20111111
1540. 01 1111 11111111 &tenent

16. 21111 (1111111111 20. 58 111 59, 111. 211. 50 111 62. - 21. 21110
20. 86. - 11. 111111 20. 201 1112051). - 2111111111 20252. -
7111111111 20. 208. - 24. 11111111 20. 332. - 2. 1011111111 211. 334.
17. 0111111111 20. 404. - 18. 6111111111 20404 11 611111. -
23. 0111111111 20. 417. - 110 0111111111 1111 2111111 111111111111
,1011111110 1111111110 11124.1Ι1111110 111 1911011111 20. 417.
- 3111111111 211. 430. - 19. 01111111 211. 447. - 5. 2111111111
211471.- 7.111111111; 211. 487. 111 1111111111, 11 7. 20111111
1540, 11110111101111111 11111 01111111 111 111 1111111 et 11101111).

11111 111 111111 611111, 101111 1111111111111110111111111,111111 1111
1111111 11 111 2111111111111 111. 01111 111 11111111 1111111111 20. 21 11
0111111 1111 11111111 20. 38; 11 1111111111 111111 111 1111111 0111111111 111
1111111111111111 211. 62 111 170; 1111 1111111111 11 111 11111111 20. 923
10110111 1111 11111 211. 308, 10 211110 10. 347, 10 1810011111 20. 306.
311111111111111 11 1110111111111111 11111 1111 11111111 111 111111
3111111111111 1011111111 1111.

1111 1111111111 111 10111111 (211111 1111 1111 1011 11 11111, 111111
1110111111 2111101111 1111 31111538 111 1111 31111039, 1111111111
111111 111 1111111111, 111 111 01111111 111 2111001 111 1111 1111 111 111
0111111111611111111111111111111111111 11 1111112111111111111 118 111
311111 1036111137 1111110111. 1111 1111111111 11111111 11111111, 11
11111 1111111 1111 111111 111111111111 111, 11 111111 1111 1111 111 2101111111
1111 1111111110111111111 11111 21111111111111, 11 2111111 1111 1111110
11 3111 111111 1111111 1111111111 1011111111 1111111114), 1111 1111111

1) 31311111181111111111111, 20. 111, 1. - 2120141 11111111111111
1831101008-181111111011131111111111111. - 3) 0011011018. -
4) 11. 111, 1.

 

