40 1111111111.

11111111. 1111 1111 1111111111111111111 11111111111111 1541 111 41
11111111, 1111 ju 1111111 1111111111111 1111111111 1111111.

1111 111 11111111 11111111111111 111111, 111 111111 1111 111111111 111,
1111 1111 1111111, 1111 1111111111111111 11 1111111111) 11111 111111 1111111
1111111111, 11111111 1111111 111 1111 1111111111 111111. 11 1111111 111131),
111 1111111 1540 ,1111111111Η 11111 11111111 11111 1111111111111111111111
111111, 111 111 111 11111111 1111111111 31111161111111111111111 11 5. 11111
1540 111111111111111111 15111111 111111, 1116111111 11111111111111 111
8111111111, 111111 61111111 111 111111 111111. 3111111111 1111111111
111111 1111111). weit 11111 1111111111 1111111111 1111 11111 1111 11111111
111111111111111111. 1811 6111111111111111 6111111 1111111111 1111111
1111 cI: ,111 111111 11111 111 et - 1111111, 11 11111111 1111111111 1111114) -
1111111111 11111111111111 611, 111 111 1111 11 1111 1111111 111111 11111
11111111), 111 11111111 11111111 1111 11111 111111111,,111 11111111Η 11111
1111111, 1111 111 1111 111 1111 111111 111111) 111 11111, 1111111111111
111111116111111 11111 11111111 111111111311111111 1111111111 11 1111111
1111 1111111111 11111 11111111 11111. 11111 11111111 11111111111111111
1111 1111111111 1111, 1111111111 11111 11111111, 111 111111111111111111111
1111, 111 1111111111 1111111111111111111540, 111 1111111111111111 11111,
11111111 11111 111111, 111 1111111111111 1111111 111111111111111111111111
111 1. 1111111111 111 111 1111111111 11111111. ·’

1111111111 11111111111111111111111111 11111 111111 11111111111111 111
111111111541 111 111 111 111111 11111111 1111111111 1542 11111111.
1111 1111111111 1111542, 111 111 1111111 1111111 2. 1111111111 111111 1111111
111111111111, 1111111 1111111111, 11 1111111111 11111 1111111 11 1111111111
1111. &ie 11111 1111 11111111111111111 1111111. 11111111 11111 11111
1111111111 11111111111111 11111 111111111111111111 11111111. 111 1111111111111
111111111111111111111 11 1111 111 11111111, 111 1111111111 11111111111
11111111 1111 111 11111 1111 1114011111. 1111 3111 1111 111111 1111 1111 11
111111, 1111 1111111111 111111 I. 11111111111111111111111111 1111111111
11111111 1111111, 111 1113. 1111111111, 111 111111111111111 1144 1111111,
1111 1111111111 11111111111 1111111111111111111 1111111111 11 1111111111
1111. &o 1111111111 111111 2.1Ι11111111111 1111111 1111111111 111111.

wie 1111111111 1111111 1111111111 1561111111) 111111 1111111111 111 3111

——-—-—

1) 1111111111 LII. XIV, 1111, 111. 1641. - 1) 11111111, 180. — 1) 61111
111.1611111111111111Η.ΧΠ,1431. - 4)11111111111Ι1Η.Χ11Π,101, - 1111111
1111 1111 111 11111111, 1111111111, 111 111 1111111, 11111111. 1111 1111111111 6111
11111 1111111111 11 111111 111. 407 mit 1111111 1111111. - 1) 8111111111 11111 1111
111111111111111111 111111111111, 1111111 1111111111111111111111 11113111 1⁶38
1111111111, 11111111. 111, 1.

 

