256 1111111111, 11111111· m 1111 111 41 ut. 111

1)1111)111111)111)11111)11 611111011111111111. - 1) 11111141. -
3) 01111111, 11191. 1, 11. 1111111111 1111111111 111111 111 1111111111 rarus erit.
- 1111111119111111111111111111 1111111111111191111111. - 1) 11111. 11.
- 11111, 111111) PR: ,1111111111 11111111)1111111.“ 11111. 11. 1111111
8111111111 111. ubet ,,1ι1111” 111 1111111 1111111111 1, 1911.

101. 111111.

<11111) 11111111, 1111 11131111 111911111 1191111 11111, 11 1111111119
1111 11 11111 11911111) 111) 1111 9111111111 11111130111111111111
1011111111 1119 91111111. &ie 11111 11111119 91111111111919111111111
11) 1111, 111 1111111111111 111 111111 111 111119 11111111) 91111) 111
11111 1111 11111 9111111, 11111111 {ie 911111 911 prot, 111 1111111111
111911, bet 11111 111111 911111, 11111 911111 111 1111111911111111111111111.
&ie 11111111) 1111111111 11 11111111111119111111) 91111, 11111
111111 1111, 1111Μ1911111111111111) 1111 111, 1111111111111119111111
11111, 1111 1111111) 1111 11111111 1111 meib 111 1111111 111) 1111111111
1111111111 11111 111111, 111111 1111111) 11111111, 111 111111111911111111.
11 111 1111111 11191 11111

Tum Morituus Doctor⁶): „Do- (Θ. 184) otor, 11 ist ein 1111111111 11111
91111111. 1011111111 11111 11 1119111111 11400 juten 111 11 600000 111
91911911, 11 1111 111117) 111 111111 11111 91111111, 111 11191 sub servitute.“
Ductor: (6111111 11111 10111 11111111 11111 1111111191111111, 111111
111111 11111 111 1111 1119 91111111. 1111 1111111) 1111111140.)111)11111
111 111111 111111 111111 100 111 1011111 111 11 1111111) 111 10111
1191111, 11111 11 1111 9111111111). 111111) 11111 11 bei 1111111111111111111
111) 119111111111 100111 1111 911111111 11111. 111 111111111111111)

11191 1111 11111 1111 111 1111) 9111 1111 11111 futen, 1111 11 11111 11111
9111119) {eins
11111. 11411 Fan. 4111 11111. 111.

1) 11911 ε1191ι1111111)11)1)1)111;1’11; ,,11911”. - 1111118111111111111111)
111111, ubet 11) 11111 111111 mi, 111111) 1111) Fun. 11111111. 9111111 11111, 1111 urs
1111119111). 3111111111. 111 1111111111 111 1111111111 1111111111811111 91 1111111111
9111111, ubet 11 111 1111 11111111111111119. 111 1111 111 bet 111111 11111 1111111 1111
1111111119 91111, 11 11111111 11191 1111111111 111111; 111 11191 111111 911191 11191.
3111111 1111119111161111111111111111111119111. - 3) Bor ,11111Η 11111,
111111111111911τ11111,,11111ι - 1) 11111111 13111111, 6111111. - 111111 1111111111
1111111 111 1111 1111 111 1111111 11 1111111119 111111 61111111 111 11111111 111 1111111).
11119191. 1111). - 1) Sic! 1111111111 11 111 11111911 Fam: „Tum Mauritius:
D. Doctor 11ο,“; Μ111, N.: „Tunc Martinus: Ductor etc.“ Rhed. 1111111111111111.
- 1) 1191 ,,1111”; Par. 1111119. - 1111111. 11111111 1111. - 9) 11111. 111 „fles
11111111

 

