stt. 515, 545 §mn 551 55515 1545 273

551 115115115555115 christum 11155155 1515 555 grum, qui oredimus in eum,
qui 551 ex ipsorum sanguine natusl'
1551. N. 4⁹⁷3 5555. 155.

1) 11511555 65151115 Son 155 35155 551 11555 511555 5151155 511 11515 155 1151551515.
1551. 11. 55, 95. - 5) me 115 5155515155, 11515 515. 555, - a) 11515. N. 1511115515. -
4) 11111115 5, 501, - 5) bier 1511 Rhed. 515. - 6) 115111. N. 15111511 1155. 855 &adn
mfflmmm

545ι .
’55 5515 131555 gen 115551, et 5155 remissionem peecatorum 151515
515Ε555111551) plenus fide [1551111511 1511 11111 11513

1) 5155 11151555, am 515555. - 5) 51515 515. 555, ⁴3 5. 558. 55.

546. Mundus 515555 doctrinas 55551.

Cum quidam exhiberet Doctori cujusdam versionem psalmorum¹), in·
quit 11551555 ε15555 151 55115511, 15111 1515)(151515111551), 1515 155511), 1515
1111155 1515, et 15151 515 5155511151 555515515551551155. 11515555115515151
51111 5155 151155 1555155. 1151555155 5115 551555 151155 5515511515551 qe:
1151155 1555155, 115 11151, 1151511111. 11555 mundus 5555 511555 55555 15155.
Sic apostolorum scripta 5511511 1115115, 15 hie doctores 151555; bet doctorum
scripta 551155 511115, 515115 scholastici 155155ς 115 155555 1555511 15115 55155
51555151555155, 55155115 55 15155 515551511555155155, 1555 15555155. 555
gefelt 15115 1551 geminen 1555, quia mundus 551 555115155551). Ὧ5111511
1511 1151115511 „Ad fabulas convertentur.“'

‘Jam est aureum saeculum. 11155 5⁷) 155 15151 51555 5551 55511515
551 151151 555 155 155155 15555. 5151535511)1511151555155155 155) ,
5151511511155155 plenum musti. 65 151155551515515115, 11511
111111 1551555 11511155 1151551155, 15555515 1511, 151155 551, 11511 151155 515
15551515 551, 515 55 1151 15151 Augustinum in Aphrica, 15511 555 im
15111551. 55 15151 5155 51111 1555, 151 151 1511, 1511155, 1555 illo penitus
cupidus audiendi nova, 15555 1151115510) fuget, 155 151515 1155, 51115151
515115 115155 155 neophytisss) 111. 11555 15555 15115151 5511155151 515 5551
1551 11151151, 15151511 15 515115515555 1515, 515 15 5515151151 einer!

Hoc 551 Doctorem Pomerannm:

‘Q 15151551 1551, 515 555 5151 1551151551, 515155111515115. 555555
115 515 1555511151 5555115155 5511 15 1151151151 1555155, 15 1155 115 55, 515
11115555 551 (15511511) 15 5155151555111). 15555511 151511 151155, met 15
1551 &ie 11155 15155. 05155155 551 solide (6. 196) doctus 51155155 ean·

didus, 155 15515 55 1551 5111 5555151155, 15555 et 511555 55155155 15511,

item Brentius; 115 15155 55 1151511151. 1115115551551 (1515155115551
55155555 tuam. 18

 

