1111111111. 45

4. 1111111111 111 111111111 1111111111 111 111111111111111111.
(11111. L. 51111 273-280.)

§Det 4. 1111111111, 111 16 1111111 1111111, 11111 1111 1111 1111111111
§aiginane 1115111272 11 111111 111111, 111 11 11128.11111111111547
111 1111111111 111 1111111111 1111111 11 111111111111111111111111111111111
111 111111111111111111 11111111 1539. 611111111111111111111. 11111111
11111111111111111 111. 663; 1111111 1532; 111661 1811111111 1537
111 111. 665; 11111 111 61111111 111 1111111111 111241111111547, 1111111111
1111111 9111111 11111 Ser. 11 111 111111 1536 111 37 1111111 111119311111
1111 111 11 1111111111111111111 1111111111, 1111111111 1111 111 1111116111
11111111 11111111111111. 1111 111 1111111111111117111111 111111 1111111111
1111 1111 4 11111 111111111. 111 11111111, 111 1111 1111111111111111111111
1111111, 111111111111111 111. 668 111 111 1111111111 Β. 11111111 1536 1111111.

1111111111111111, 111 1111 1119111111 1111536 11137 1111111111
11111111 111, 1111111 1111 111 1111111111111111111 11111111, 1111 11111111
111111 111. 664 11111 11 1111111111 1111111111 B.; 111 1111. 663 1111111111111
111 11111111 111111 511111, 111 11 111. 668 111111111 111111111111111111111111
1111111111 11111, 111 111 Qum 1111111111 1111111 111, 1111111, 1111111 11111111
11111111111111, 111 1111 11111 111. 668 1111111111 Nescio ubi tumultus
ortus. 811 111 1111111 111111 11111 1111 11111111 111 111 111111, 111 11111111
1111111111 111. 111 1111 1111 1118.1Ι11111111111111 11111111111111111
mit 1111111111 11111111 1111111, 111 1111111111 1111111111 1111111111 111
1111 1111111111, 11 1111111 1111 1111111111 11111111, 1111111111111111111111
111 111111, 111 11111 1111111111111 1111111111 111111111111111111111111
11111). 1111111111 111111 1111 11111 11111111111111 111 (11111111 111 111111
baffi) 111 1111111111 11111111 111111 11 111 111111111111111 3111111111
111111111111.

5. 1111111111 111 1111111111 11111111 1111 3111 1539.
(11111. L. 11111 111-111.)

611111111111111 1111111111 11111111111111 11111111 111181111539
111111 11 111 1111111111 111 colloquia serotina 11 151111 11111111 111
1111111 11111 1111111116111) 11111111111116111111 111 111111 11111 1553
111 54 11111111111111 1111111 1111111111. 111 1111111911 1111111111 111
111111111111111 1111111 1111111111111, 24111111. 151 8111111111111
11111 111111111 111111111111111 1111111, 111 111 1111111111 1111111111, 111

1) 1111 111111, 111 1518 111 1111111111 11111111, 1111111111, 111111111111111
[mitt 11111 11111111 1111111111 111 1131. - 2) 111. 666 111 111111 1111 1111111111 111111
1111111111 111 1111111111 1111111111.

 

