3755555855εό 61557715.

2355555181. 726.

7355555555 368.

28555, 5155515556 (814. 888. 708. 718. 777).

2955555 140. 224. 7117.

8πωωωωωωω
573. 608. 623. 627. 639. 649. 719. 764.
778. 805.

3585555188.

23555 (591. 6155515), 855575551ιί( 8. 74.
78. 92. 170. 366. 7192. 720.

795565 7147.

31556788.

6555555155 ἱ. 3555556855.

{Sicu 82. 153.

wilhemum 855555 (2555558) 48. 880.
389. 390. 657.

35157555 778·.

78555155 5551655555 128. 186. 581.

wilhelm II. 555 {venen 200.

355555 555 855855 858.

wilhelm 111„ 13ίὶ15. 555 85585559 (518).

8555557151.

ffimmwawwmfflmmz
193. 205. 231. 271. 283. 307. 309. 346.
366. 384. 443. 490. 457. 507. 509. 526,
528. 565. 572. 606. 620. 641. 654. 706.
709“. 7093. 710. 7129. 715. 725. 740.
746. 761. 777.

Wfflwmwwz

7351( 555 955565) 7147.

—- 555 &dmi 188. 7144.

2355555865 548.

9658557558, &imon 628.

l 2951855865ῧὶ1 278.
' 6555555555, 91555558 18.
Βῠτιπῧ 14. (75). 183. 252. 253. 268. 453.
mmmmm
26175155 2. 0. 18. 139. 294. 361. 377. 404.
452. 512. 523. 559. 598. 604. 620. 028.
634. 639. 723.
30175087 217. 241. 415. 633. 720. 797.
655155555ρὶ. 117575 555 78.
ΜΜΜΜΜΜΜΜ

Y gallicum 217⁶.

85155556 250.
-, Jojadae filius 704.
8555558 861.
855155 in 55167551 612.
85555 572.
8555555 ἱ. 8555515555.
855 ἱ5 bet 736551 858.
mmmmmm
857155, {nemum 881.
8755 871.
855955 555 67. 25558 588.
8759155, 65555555 144. 584.
81555555 768.
8155 586.
8578555( (28. 80). 188.
8555( 546.

1 851555 877.

: 81557155,655τὶ51 784.

mmmmmmmmm
immmmmm

 

