460

425. 427. 464. 479. 483. 507. 515. 516.
539. 561. 574. 586. 630. 632. 636. 649.
654. 720. 724. 794. 805.

6611666 (an. 661665) VIII.) 231. 297. 386.
717·. 740.

6666 388.

mmwa

66116696116666133, 243. 961. 264. 626

memmmmmm

· 659. 7072 720. 742.

’ωωωωωι

6166111113 42. 43. 44. 45. 48. 51. 54. 64.
148. 152. 192. 212. 264. 265. 498. 569.
596. 605. 657. 786. 802.

6661116661. 8166661611.

96161166 176.

&remit 171. 772.

9711161 88. 245. 351. 358. 359. 725. 739.
742. 745. 764·.

Iria), 66166 191.

&idaiae (7) 66166166 682.

96611666 98666661 96.

9661 666 6611166, stud. (116).

96611666 6616166, 21116). 198,

96161661 1. 91666.

66666

mmmm.

9666 76.

611166 766.

666666 386,

96165166 661.

mmmmm.

966 203. 574. 595. 654. 732. 735·.

966666661661166 1. 9666616616.

61611168 1. 616568.

6161161 146. 678. 719·.

&mmmmm

mmmmmummmnm.

Faechino 325.

{sarneia 9116116 (742).

-, 11166 96111 84. (742).

fflmfflffiwmnffiwa

36611, 261166 773·.

1119111121 459. 462. 510. 719.

&definge 66. 239. 269. 291. 918.

6866166661. 18. 121·. 134181. 182186.
189. 198. 201. 229243. 306. 430. 487.
Μωωωω6ωηωωε

&tunm 387.

616561. 21166166ἰὶ663.

31611, 66166111) 724·.

61616666, ῇ161616666 777 ⁰.

3166661111ώῶ 1114611166.

&Idm 11661661 324. 360.

{Imminet 7641.

11161, 366666 662.

&loteng 633.

11611666, 2116161166 192.

166116361666144. 146. 694.

161, 21111161 231.

ῗςῐαηείῦῑαιιετ 34. 221. 243. 279. 305. 309.
777·.

3666616666, ¹³1- 777·.

3666616666 cancellarius 1. 21661661.

666166561166169. 266. (481).

1666166139. 224. 668. 787.

fflmmwffimstmmam

fflmmnumw

(1166111111 181. 264. 297. 309. 385. 533.
610. 612. 663. 717·.

366611. 666 ῗς666166111) (104). 158. 181.
666666166666666.

&tang 666 99666666 96.

3666161666661161 368.

11616666 709·.

66666161. 6665666116 (199). 222.

16166611) Π. 222.

11616661) ΙΠ. (198).

91616661) 11. 666 6661111611 183.

11τὶ6666), 2116616661 131.

11616666) 6116616666 hithe 738.

1111661111) bct 366116 42. 59⁸. 77. 87. 116.
126. 177. 198. 359. 443. 649. 663. 712·.
ω6ω

9666666661, 616666 6. (402).

36116 16 bet 66561 7149.

16666736.

&Men 54. 82. 91. 96. 121123126134.
178. 186. 241. 245. 398. 420. 450. 508.
509. 512. 532. 564. 565599. 639. 650.
663. 664. 698. 7191. 736. 7524.

16666661), 8666666666 6.

0166661, 96161 187.

01651161 Torgensis 1. 1116111169.
016616 402,

6616116 738.

(18111381 255. 453. 633.

661168, 6616661166 229. 243.
Gallus, novus Doctor 309. 953.
01666161 711.

61663 263.
&thet 8. 9. 28. 58. 61. 134. 201. 205. 367.

397. 463. 464. 501. 507. 509. 522. 568.
578. 584. 603. 608. 617. 646. 665. 744.
773. 779. 784. 797. 798.

 

