5161615666. 49

1155561566 665 5161615 665 1166166565, 665115 6566 6166 1166651 6665116566,
516 566 166566 0656655566 5615665 6666161666. 55156 516 5666165666 516566
1161666 6666611666 5165 51653666561666651161565165 6615516.

516 5165 665566 5666616615566365666665666 56666566615566, 6566
665 6151 665 bem 1165615 66665665 5665655566 556566 5555615566 665 665666
5666166666. 116 56656156656166 665665 665166 1155561515 5165 65 56166656
25666666 66, 1666, 266, 2166, 2166, 266, 2166, 2166, 266, 2646, 2666,
2666, 2466, 242, 246, 261, 261, 2626, 262, 266³, 271*,272*, 296, 300,
301, 319*, 326⁸, 3215 320*, 331, 334, 335, 330, 331, 442*. 516 5366656166
66 3116156565 56616666 61666555 6651 6111 516. 181, 156 11661 1540. 565
6166166 5615666 511161, 516. 35, 1666516655 16 665666556661166666 666, 516
56655 6155 666 5165565165 65516616 51656 65 1666 665 1161666666 16 516566
55556151 616665666666 5616. 1166 316. 213 66 5116566 515 516 5366656166,
665 516. 235 151 565 516166 551161, 16 566 1361566 666 55165 2116556565 665
2116615566 531616 615 516666 66665. 55 56565515 66166515155665 666561
5165565165 561555 665 561 1166156566, 566 5165565165 6656655616566 561, 5666
5616566 16 516566 1115556151 566 5615661666 5665556151 665 561131655611.
36 566 516556115566 (066565655566) 1566611666 5165 6566, 1616155566
6656665566 56565, 5165116566 666 1540 6151 6661161566, 5665666 666
6515561566 666 5161565165 6551166166 516 5666111666 151 5665 566 55661566
565 1. 1155561515 665666 5665556155 6656161 115 616656, 65 155 566 16
316. 235 66666616 5116615566 016666 531656.

2561565165 66665 531656 66566 56666, 516 6651566 6611655665 5155
6616656566 5165, 565 15166, 5616 516. 235 56566151, 5566 6161566156 6151566
im 56666566 665 566555 1540 16 2615665 56656 66166566. 5165565165 56
66665 566666, 565 531616 6166 56661666666515566566 665655 665 66 561551
5555615166 56666 665655 561, 665 56 66 56166 5555615166 6155 566561666566
66666566, 5665666 16 66566666 libelli 66166665 66561566 565, 56 5116566 6616
66666166, 16 616666 115556111 566 1161661666 5665556155 566 1155561566 665
516165 5666611666 66 56666666. 5566 56566 1616 16 516566 1. 51555611 6166
5666651666, 516 165666661540 6165665, 16 566 5666665316165 51666666
66665 66165, 665 516 665115 66566 6651661566 55116166, 16 56666 65651156

115656511666666 611 5561565165 5655655, 665 6656666 516566 66551111, 16 56666
566566156 66611 6665116555165 65566151, 565 51656 5111616 615161551656
5555615566 566 3116565155665165651166 56566516666566 5116565 65656566
5166 65616656 516 65661566566 51656655615166 6566 0666561566666 61665
665666 5556666556, 565 5166155665 1531616, 666 665. 35 66666156 665 516
56666166666 66 516. 218, 666 531616 666 55165 6166511656 56666566665 565,

1) 1516 6611 616666 51666 5666156666 56566 665163, 661. 56116 34. - 2) 56156 64.
1166166, 2655661 tumltu. 4

 

