61115151ἰὶ63 51111511.

elic, 66111511 478. 7566.

&litus 787.

61151511, 31511111 75. 153. 390.

61111, 011111 494.

651111, 3111111111. 168.

6111110161 1. &antiano

Confessio Augustsns 186. 667.

Conjugium masculinum 719⁰.

Conscientia ἱ. &emines

6116811111 494. 517.

6115111111 331.

61151116, 6111115 (4). 171. 131. 311. 311.
114. 111. 1111 (sss). 111. 111. snb.

6111111111, Sonus 301.

stanno ἱ. 6111115.

611511, 6611111 94. (593).

6111111111, 6511111 334.

61111111, 617111 (5). 55. 71. (154). 373.
461. 566. 558. 667.

61561, 617111 30.

6111111, 611111 i. 611117.

6111611 111·.

sabran 773.

6511111111 f. 611111,

6151111117 (553).

sanis 111. 114. 111. sss. (111). 111. 141.

777. 781.

61111175.

31111 134. 111, 141111313141. sos,
664. 670. 671. 416. 466. 464. 441. 446.
567. 546. 565. 616. 646. 646. 644. 665.
706. 7676. 777. 766.

615111 143,

6111111 66. 116. 158. 170. 610. 665. 464.
641. 744.

6111111Ιὶ11 666. 668. 610. 741. 746. 766.

6111111641. 664.

Demosthenes 313. 331. 731. 753ἁ (liesz
apud Aristophanem).

Depositio 167. 609. 7566.

6151146. 366.

61161111116111, 3111111111) 1. 1ο. 14.
60. 81. 86. 66. 61. 100. 107. 144. 148. 166.
181. 185. 186. 168. 664. 645. 656. 656.
661. 676. 686. 666688. 606. 677. 406.
476. 474. 476. 481. 468. 506. 575. 580.
588. 567. 646. 666. 710. 7116. 714·.
717⁸. 766. 740. 741. 746. 745. 757.
7646. 774. 7776. 781. 787.

6111116164. 114. 665. 665·Ι 7176.

Dicto sapientum 406.

6151113.

459

6151111157. ssmifling. ’
61155151 517. 000. 700. 715. 753.
61111115, 66111 16. 160. 646. (615). 606.
6115111111 341.
65111, 81115115 oon 756.

ι 61111643. 7146. 753.
6111115111 373.
6111111111, 31511111 133.
61115111 660.
6111111111ῑεί1 ἱ. 61111151.
6111151147. 764.
Quonim 373.

65115111, 61111 7031

6511115111 (161).

65111, 61161116 503.

611, 3151111 76. 458. 488. 466. 565. 566.
581. 566. 606. 604. 606. 764.

6511111111. 61511.

6511511111, 61111 40. 94. 114. 1111957

61111115. 6665111111.

611, 6111111 11. 11. 11. 11. 11. 11. 11.
74. 161. 160. 181. 188. 186. 160. 165.
607. 666. 641. 646. 645. 647. 661. 687.
666. 604. 606. 666. 665. 665·. 866. 665.
651. 654. 657. 665. 400. 404. 410. 468.
468. 455.Ι 466. 471. 485. 460. 464. 465.
560. 566. 566. 567. 566. 540. 541. 547.
556. 556. 565. 581. 561. 566. 600. 616.
618. 660. 661660. 666645. 660. 7076.
7146. 7196. 7606. 761. 761“. 7666. 7656.
767. 766. 766. 764. 765. 7676. 767·. 746.
746. 745. 7564, 7566. 756. 786. 784.
7846 736. 766. 766. 808.

6511151116 ἱ. 6111511.

615 656. 460. 564.

6117111111 171,

sisennus 111. oso. 111. 111.

6155511513.

66115111. 61111111.

6111111511 533.

&Ibe 160. 666. 516. 606. 706.

6111711 33.

6111111111. 6511511151.

65116146. 688. 704.

6711111. 111. 111.

61015115 111 61115111 (133. 751).

6111151151, 1111111515. Bapt. 540.

61111, 31111111. 111.

61111111.

6111151111 603.

671911 66. 88. 108. 164. 146. 160. 170.
665·. 657. 658. 666. 667. 656. 676. 666.

 

