1111111111. 13
D. 111. 11111111 11111111 111, 111 111 111 1111111111111111111111111111

11111111, 1111 1111111 1111111 11111 11111111ἢί111, 1111 11111 111111 1111111,
11111111111111111111, 111 id) 11111 1111111111111111111 1111 11111111 1111.“

11111 1111111111 1111111) 1111 iiber 11111111 1111111111 11 1111111 111111

,111111111111111 1111 1111, 1111 111 1111 11111 1111111111 &a 1111111111
1111ῢῦ11, 11111 1111111111 111111 111111, 1111 11111111111111111 1111111111,
11 111111 1111111111 11111 5111111111 111 1111111111, 1111111 111111 111 1111111111,
&t 11111111 1111111111 1111111111, 1111 11111111 1111111111 111111 1111111111
61111111111111 1111111111, 111111111111111111111 11111111 111 1111111111,
1111111111 1111111, 1111 111111 11111111111111111111111, 111111111111111111111.
1111111111 11111ςί1 111 1111111111 1111111 111 1111111111 1111 1111111
6111111 1111 111111 111111 1111111111, 1111 1111111111 111111 111111 1111 1111111111
111111 111 61111111111111111111111, 11111 1111111111 1111111 1111111
1111111111 111 511111111111111, 1111 11111111 1111111111 111111 111.μ

1111 11111111 1111 1111111111111111 11111111111116111111111111 1111
eine 11111 1111111111 6111111111 1111 11111111 1111111111 1111111111
11111111 11111111111111 1111111111111 6111111111 11111111 1111, 111
11111111111111111111111 11111111 11111111, 1111 1111 111111111111111, 111
1111111111 111 1111111111 1111111111, 111111 1111111111).

8. 11111111111111111 (1111111111,111111111111111111516 111 1111111141,
111111 1540 1111111111 1111111111111111111111111 1111, gab 1111 11111
1111111111 1541 1111) 1111 111111 11111 1111111111 1111111, 111 11111 15. 611
1111111 1541 1111111111 1111111). 1111 24. 11111111 1543 11111 1,,111 111111
1111111111111 1111 111 1111111111, 11111111111111 11111111111111111111,
111 1111111 1111111111 111 1111111111, 1111 ,11111111 111111111111111111 111
111111 1111 1111111, 111 et 1111111111111111 1111 3111111111 1586 111
11111170.111111111111 11111. 11111111111 111 111111111111111111, 111 11111
1111 111111111111111 11111111 1111, 11 11111 111111 6111111111 111 1111111111,
111111111111 111111111111111111, 11 111 111111 1541, 42 111143 111111,
11111 61111381.

9. 1111111111 1111111, 111 1111111111, 1111111111 11111 11111 1111 1531
in wittenbaq, 11 11 ubet 11111111 111 1111111111111111111111111111111,

1) 1111111111 LH. XII, 1111. - 1111111111111111111. - 11111111 111111,
11611119. - 4) 1111111111. 1116115111111111111111111111111111,11
111 1111111111 11111111 1111 11111111 111111 1111 11. 3111111111 1111111111 11111111
alm R. 1111111111 (6111111111 111 1111111111 111 1111111 1111111111 1111111111111 111
1111111111 1101-11011111111111111111111, 1111 1111111 1111111111 11111111 1111 1111111111
0111111111 bct 1111111111 11111111, 1111 111 1111111111 1111111111 11111 111111 5111111111
1111111. - 5)111111111111,6111111. 11111111. - 6)11111111,1>111111111111111111
manvi 111 1111111111 111111111111111 1111111111. - 7) 1111111111, 1111111111
minimum. 1111111141).

 

