7111115άί1115 01111111.

fflfflwnmwmnmm
mmmmfflmwmvmwst
wvwstvwffmstnwst222
mwmm
smwmmmmmm
mssffiaezmaemsm
&mmmmmmmm
mmwummmmum
mmmmmmmm
mmmmmmmm
mmmmmmmm
mmmmmmmffl
mmmmmwmmv
mmwmmm
wfflwmm

1101111111 211101118015111 105, 122. 134.
mmmmmmmm
mmmmmmmm
mmmmmwmm
mmm
mmmmm

5111111 11. 51. 11. 145. 155. 111. 101.
mmmmmmmm
mmmmmmmm
vuwstnwwmmoestwwwa
mwmffl

0115111101.

00111242. 574. 582. 854. 719⁵.

00111108 8059. 247. 281, 581. 787. 788. 808.

0115, 0115111 277. 791.

01111511 025.

0111111111811 405.

0111111100.

01111111ῐῴ11 0115 002.

Qmfflwffimmmmmm
742. 745. 784·Ι

0111511 011111 781. 181.

01117. 25. 80. 81. 88. 118. 121. 121⁵.
184. 185. 184. 180. 181. 188. 185. 180.
220. 222. 241. 245. 252. 288. 288. 488.
mmffimwmmw
787. 787.

01111151, 81151115 8151111111 11141. 150.
178. 282. 247. 287. 287. 288, 840. 442.
488. 548. 558. 747. 782. 788.

0111111111 003.

§mmmmmmfflm

0111111111, 11. 001.

0111111111 111 01111115 (231).

0111111111 111 81111111 154.

9008 170. 5

0111111151111 181.

0111111111, 11151111 578.
ΛΜΨ

-, 011100). 565.

-, 1011511111 (29). 505.
01115111 55. 715,
01111111 352.

οΜΜΜΜΜΜΜΜ

7527. 752¹. 758.

0111111111 &taut 18. 54. 210. 245. 123.
824. 825. ³25⁸. 888. 841. 850. 858. 878.
801. 404. 450. 521. 541. 880. 894.

0511111051 01, 121. 121·. 179. 220. 201.
429. 528. 850.

0111111015 1. 2111117. ·

0115111111111 205. 510. 001. 404. 525. 550.
820. 884. 888. 748.

01111111 1151 208.

0111111111, 011111 450.

§mmmmm

0111111111 708.

0111111101. 787.

01111115 VII. 420. 750.

01111, 21111. 1. 0111.

01111, 0111111111 7171.

mmmwmfflmmm
171. 180, 220. 221. 220. 285. 248. 278.
805. 825. 22⁶⁵. 848. 881. 1184870400.
452. 458. 487. 408. 521. 524. 582. 572.
581. 801. 887. 840. 850. 719. 7250. 7877.
750. 7520.

01111, 11111 500. (715).

0511111, 0111111. 750.

mmmmm

0511001111 381. 540. 547. 818. 788. 788.

011111111τί111 1. 8111111111.

0111111111111 271. 7251

0511110111 85. 288. 278. 500. 711. 710. 788.

01111597.

mmm&

01111, 11111. 01. 412.

mwmmmmwmv
720. (782). 784·.

-, 11111 11111 572.

-, 01111 511 11011111 501.

-, 1151111 720.

01111, 5111111111 (26),

0111111115, 81111111 582.

01155 115 81111111 31.
01111011111 559.

015511, 20111111 1. 811111.
01111511 445.

01511 104.

0111111111, 2115111111 720.

„f

>- ἐμ]

 

