8 OEinleitunq.

1111111111 1111111111 511511111 1115 511115111 51111, 511 61111111 11111111,
5111111 511 11511111 511ὓ11111 11111111 111, 111 115111 1511111, 51151115
11111111 11111111, 111 511 1111111111 111111111111111111511.

111511 1111511 11511 115 511 1111115111111 5111151511) 11 1111151
11111, 111111 11115111 1111111111 111 511511111111511511. vie 11111 1111111
511 11111 111511 1529-33, 511 11111111 511 11151 111511 1534-39, 511 111111
511 111511 111511 1540-46.

31 5111111111 11111111 11511111

1. 1111115 51511111). 1111 111111 111151115111111 111111 11111111, 1111
11511 11111511, 1115 11 511 11111111 1111111111, 11 5111118151154051115
1111511, 5115 1151111 1111151111 511 11115111111115115111111111511111115
1151111 1531 15111111 15111151111111111511 11 11111). 1111151111511 111 511
5115111151 61111111111511 1511151151.

2. Qeit 5111151111110111111111, Theodoriana). (11 5111151 1506 111
5111115111 1151111. &eit 1522 1111511111 1111 1515115111 1529-341111111
1111 5115111 1111111. 51 5111111 11 1111111 11111511 15344), 11115115 111111
11111 311111111111111151151, 5111515115 1511 11151 5115115, 1111111511
11511151 51111, 11111 111111 5111111115 1111111511, 1111111 1151111111 11111111
115115 1111 11111 1111. 61511 11 4. 1111111511 1534 511511111111 11 11151).
1111 1535 51115 11 1115 1151111151111 111115111111511111111111111111115
511 11 511 1111111111111511511151111511. 1116. 15111 153511151111111
5111111 &t &ebth 11 1111115111, 111 11 1549 11115. &eine 6111111111
111 11 1111151151151111 511111151111611515151111511115111111). 11115
1511111151 11111111111151111 111 511 5111151111 1111 1111111511 111 511 11151
1115111 (per sex annos) 1529, 30, 31, 32, 34115 35 111511111, 151151111
5111151 1111111151 11151 511 1115111. 15151115 15111115 1115 511 5111151111
11111 111511 111 51131511 1533 5111111 11111, 51111 1115115151111 111151
111 511111315111151111151 61111117), 115 11151115 11 11115115 1115 11115
1534115 35 1115111111111511 511, 1511 1115 11151111151111 1111 611111 111
6115115111 11 5111131511 51111111). 1111151111 511 111115111111511111151
61111111 151115111511, 111511511146.

1) 11111 511 11111111 11111 11511-31 115 1535-39) 11511511 11111111, 1115 11111
1115151111 511511 5115111151111151111 5111Β. 115 FB. - 2) 11511 11111 515111 11151
&cite 1. 8⁶) 115111 511111111511 1311115111 511 5115111111 1111 511 111111, 5111111
51111151511115115111511511 511151511111111115. - 3) 1511111111511 111111 11111
51151 1115, 511 1111111 11111 111 1595. 11511 5111.1111111111111111111 11115111
51111) 11111 11711111911111711 111 31511551 5111111. 11111 1111 11115 1111111
11151115151151151111115151111111111,1111135. - 4) 1111511111, 615111. 111. -
5) 11115111 2, 185. 11115111 11111111111111111111111111 11111111 1111 1111111151 1111115115
5111 1111111655 1111151 51511 15. - 6) 1311. 5111115111 11111111 1111151111
8111111. XVIII 1. - 7) 5111111111 111115115111151111141111133 1111511511, - 8) 811

 

