13515551.

-ωω

115 115155 1901 5151 15535511551151551115551851555511151151151,
155 55 24. 11551 1504 15 11551111 15 (5551155 1515555 155515 551 55
7. 11115155 1565 15 3551155151 15 1111511155 1511511515 11551, 15151555
11515115119151111 515 11551551 55151151555155. 115 5551151115 111 151
1151111511 151 15555 6551151551 151555 (15551515 15551 115 351515515515
115 551115 1951555511 15155111 5511151551 5551 15 55115551151155 151 555
155 115555 151 1151551155 9511551515 1551555151155, 551 515 (1515511111
151551 1151551 551 61511551 111 551 1895 555 115515 111515 15151551155155.
11155 551 5155 1515111551515 &tage 15155 5551 115 5555115511515155155 15155
151551115515 1515551 gegeben: 1151151151 151 555 1540 bie 1542 155
155115555115 1911551551 11511511, et 111 15 115155151555551111551 5155
351115519511551111519555ῐὶ5 1555155, 551 55 151, 515 55 151111 1515511,
1551 595511551151511155 55151155111151551 15551 1111515155 551 155
6555155155 551555 111511555155 5155 grube 65551551 555 9511515155
1115155155 1515555515155511. 1151 111551 115155655515511555155551
15 5515155 1851111511 11511 115 15 155 6555155155 1155151551 551 1155155
155111 1115 15115 511 151555 511555 11551151511155 1151 5551555515155155
15115511151155, 115 5511151515151 5155 1555511111551111515111151551 Quum:
{unq 55115155, 11515511515155; 515515111515511515111, 115 (15559 1111515 1892
115151 bem wel Α55155151511155555 511151551155555 155111551ῐί5ίῄ but,
1111 551 51155155551515551511 155 155155 11151151115155 55551551, 551 -
1555 15 51555 1511151155 3511551.

111 111 515 351511, 151 151, 555 51551151555115 155515 9155115555
151 355511511155511155551, 15 155 515515515111155 1115151511 1515511151515
15151 5155 11515 1551515155 1555, 115 15155 1151155115 55 115 11155115155551
15151155151551115155155 155 55155551 11551591. 1151551555 1551155151155
11151 151 55111515511515111, 115 115155 1155111551151555 15 1155515 11511, 551
5151111151 551 115151155115515 151 15115511115151111151115 515, 151 11515155

1511 5515 511 1551511 1151555 555151515551111515111 15515155 11151151115155

6555155155595115511115155155 not mit laq. 115 11511551, 15 155151
551555555555555. b

 

