m

35555535553 315515155.

171. 174. 178. 187. 133. 200. 203. 203. 5 ἵο171113. 10. 58. 103. 191. 222. 231. 323.

213. 217. 222. 225·. 233. 239. 241. 242.
272. 273. 234. 233. 300. 301. 303. 311.
319. 325“. 330. 339. 351. 352. 353. 333.
370. 373. 377. 404. 421. 425. 423. 430.
471. 473. 431. 437. 507. 503. 503. 519.
520. 532. 535. 539. 549. 553. 530. 531.
573. 579. 532. 533. 391. 595. 597. 300.
305. 303. 314. 319. 323. 327. 323. 323.
330. 335. 342. 344. 350. 354. 330. 331.
334. 373. 399. 709·. 714. 714·. 7143.
715. 713. 7193. 720. 734“. 7373. 733.
743. 749. 752. 7521 733. 7343. 7347.
774. 773“. 730. 731. 731. 797. 733. 305.

35513133,

3555155 351.

355115, 51. 515.

355515515, 5. 1555551555.

3555555155153 153.

7555115153 (163).

3555553 533.

3555555 555.

35515155. 555.

ἶ555553, 3555515155 131. 513.

355555 155. 711¹. 555.

3555555 331.

3155551555 455.

3555155 5. urim.

3555, 5551555155 5. 111.

ἶ555555 540.

3153515555 55. 155. 151. 555. 555. 555.

31555 331.

31555153 131.

3151515555 133.

31153, 351555 511.

355153 543.

zob 503. 573. 353. 722. 753.

351551, 3515555 3555355 (1515. 155.

ἵ51551134. (93240). 535. 593. 314. 103·.
720. 723. 7233. 7253. 734.

75555555135153314. 315.

3155555 331. 335. 536.

tmnwmmw

ztinitfit 53. 34. 153. 495. 524. 532. 535.
320. 343. 754. 770. 300.

3515155, 3555155151 1. 30. 13. 51. 33. 133.

353. 334. 430. 453. 433. 483. 435. 507.
509. 520. 522. (575). 573. 532. 537. 305.
303. 320353. 754.

315113 151.

7555155153 5. 9555155153.

1555 555.

5555 555. 555. 551. 555.

111515. 105.

1115155, 51. 193,

111515 555 3335355555 131. 139. 541. (435).
402.

115555155ῆά1 131.

1155555515. 555. 555. (555).

3555535153 15.

urim 555 75555155 19. 115. 531. 351.

115551 555 1151535555 33.

11555151. (555). 555.

1155155, 8555155 143.
35155115, 51. 5. 351155.

- 351553515511. 331.

Vandali 5. 355555.

3515555555 (551. (35551) 133. 134. 139, 113.

35553, 5155555553 111.

1151131555 510. (103).

1151155, &t 153. 1111.

23555315 123. 325. 325·. 533. 333. 725. 7521.

35553 333.

Venus aversa 34.

35553 155 3355155151 133.

35555515, 5115155 515515 35. (115). 113.

135111111ιῇ53. 153. 214. 343. 359.

3555555555 5. 3555555555.

3555115 5. 235555.

3155555. (153).

1311511 114. 119. 145. 237. 272. (237). 405.
533. 343.

vitae patrum 151. 551. 551. 555.

vocatio 5. 1355551155.

3551135555 135.

35113355 5. 9115551.

3555555555αῇ 131. 333. 313.

35551155, 515555 555. 545. (155. 555).

155. 155. 551. 515. 455. 511. 555. 515. ι 33555555355555555515 111. 515. 555. 551.
1515. 555. 155. mh. ⁷12⁶. 5151. 5551. 5 555. 511. 555. 551555. 555. 155.

33515555 353.

35555, 115155 354.

Tunica Christi 33. 121“. 432.
75513 133.

3151, 3551515555 5. 3515151515, 555. 133.

135155 131.

2330535355 520. 542. 713. 737.
3555513515 5. 31115555.

335555, 355555 531. 311.
3515555555 531. 131.

 

