62 1111111111.

111111 1111111111111 111 111111111111111111111 1111 11111111. mit
52 1111111111, Rhed. 111127 111 Goth. Β. 168 1111 9 1111111111 1111115
1111111.

11111111111111111 111111111111111111111111, io 111 111 11111
11111111111111111, 111 1111111111 1111111 111111111 111 11111111 11111111
111 1111111111 11111111 111 1111111111111111 11111111111111111111
111 [ie 11111 11111111, 111 1111111111 11111111111111111111111111111 11
11111111 1538 111 1539 1111111 11 11111, 11111111 11111111111111 1111
1111111111111111111 1536111 1137 111111111. 11111111 111111 111
1111111111, 111 1111 111111 1538 11 111111, 1111 1539 11 11111111 11111 1111.
1111111111 1111111 111 1111 1111111 111111181111111111111 111 1536
111 1537, 1111111 11 111 111111 111 1111111 111111111111111 111111 1111111111
111 11111 11111111 1111 11111 111111111111, 111 1111 1111111111 111
111111111111111111 mit Ser. 11111 111, 1111111111111 1111111111 111111
11111111 111111, 111 11111 1111111. 81 11111111111111111111, 1111111
111111 111 1111111111381111139, 11111 1111 1111111111 1111111111
1111111, 1111111 11111111111111 111, 1111111111 1111111111 11 111
111111 111111 111 1111 1111111 111 11111111111111 111 111 1111111111
1136 111 37 111 11111 111 5111113111 1111111 111 11111111 11 1111111
1111111111, 111111, 11111111111111111111111, 111111111111 111 111111

111 111111 1111111111 11111 11111. 111111 1111111111 111 1111111111 1111111
111 1111111 111 11111111 111 11111111111111, 111111111111 11111111111111
11111, 111 111111111111111 111111 1111115111111111 111 111111 1111111.
111111 111111 1111111 11 111 111111153611137 111 1111111111111 11111
111111 11111111 11111111111111111.

. , 111111.

1111 1111111111 111 11111111111111111 11 1111111 1111111111111111
111 1111111 111111111111 111 1111111 11111111. 1111 1111111111111111
1111 11111 1118111111111111 111 1111111111 1111111111 1111 8111111111,
1111111111 1111111111 11111111 11111111111111 11111111 111111 1111111
1111, 11111 11111 1111111111 1111111111. 111111 1111111111111111111111111
111 1111111111111 111 111 1111111111 11111

1536111111 111111111111111111111 111 11111111, 1111111111 111111
1111111111 111 1111111178611 1111111111 1111111 11111111 11111.

1138; 1111111111 1111111.

11111111111111 1111111.

1540: 1111111111, 1111111111 111111 1111111111.

1542 111 43: 1111111111, 2. 1111111111 111111 1111111111.

1541 11111, 1111111111 111111 1111111111.

 

