1111111111. 23

11111111 154611111111111 1111111111), 1111 1541 11 1111111111). 15431111
er 1111111111 11 1111111111. 11 1111111111111 11 111111 111111 111
11111111 1111111111 11 11111111 111 111111, 11111 11111 111 1111111
11111111 ,11111111 1111111, 111 ,11111111 1111 111 1111111 111111 111
111111 111111, 11111 11 16. 1111111111 1111111111111111111 1111 1111111
1111111111) 1111111111 111 11111111 111 1111111,,11111111 11111111

111 111111111111543. 1111111 1111111111 1111111111 1111111111
11111 1111111 1111111111111, 111 111111 1111111111 11 1111 111111, 111
1555 1111111111 1111111111 11113111111111). 1545 111111 1111 111 11111
1111115), 111 ,11111111 1111111111 111 111111 1111111111, 111 11111111
1111111 11111111, 1111111111111111111111 111111111. 15451 1111 111
111111 &tart 111111 11 1555 1111 1111 11111111 1111111111 111111, 1111
6111111111 1111111, 1111111111 11111 1156 1111111111 1111111111,,111111”
1111111 11111111 111 1111 1111111111 111 10 (111111 1111111111111.

111 4. 1111111111 1544 1111 111111111111111111111 1111111111 11111111.
111 11 11111111111111111111111 1111 1111111111 1111 11111 1111111111 11
1111111 1111, 1111111111 3. 111111 1546 11111 1111111111111111111111111
1111111111, 1111111111111111111111111, 111111 11111 11111111 11111
1111 1111111611111111111 1111111 111, 111 11111111 1111111111111
1111111111). 111111 1111 1111111111 11111111 1111 111111 111 1111 1541
11111111111111 111111111111111111111, 11 1111111, 11 111 1111111 111
1111111 111111. 1111 111 1111 11111 11111 11111 3111. 1119.1111111111541
1111111111 1111111111 111 1111111111 111 11111111 111111 111111 111 11111
11 11111111 1111111117). 1111 111 111111111111111 111111 11 1111111111
1111111 11111 1111111 11 1111, 1111 1111111 11111111111111111 1548111
1111111111 et 111 11 1111111181 ,111131111111111111111 111 1111. 1111111
1111111111 1111111111 111 11111111 111 11111.Η 1111 11 11 111111 (1111111111
11 1111111 111111 ,1111111111 111111111111 1111111 1111, 1111111111
11111111, 111 11111 1111111111111111111111111111111 1111111 1111.
1111111111111111 1111 111111 111 11111111 111 1111111111 111111
111111. &eine 11111 1111111111 11 1111111111111111111 11111 1111548
111 15593 11111111 3111111111 11 11111111, 111 1111 111 11111111 111

1) 11111111. 1113, - 1) 11111111 11 111 61111111 111 11111111 1. 8111111
1111111111. 11113. - 1311111111111111111111111. 11111111 11111 1111111111
1111111511 1111111111, 1111111111, erininga, [1111111111 (1111111111, 1111111111, 11111
1111111111. - 4) (11111111 1, 111. - 111111111111111111111111 111111 11111111
111 11111 111 11111111 111111 1111 1111111111, 111 111 111 1111111111 11111111111111111
8111111111 11111111. - 8) 1111111111.0.1,48(111.111). - ’1) 1111111111. 0.
1, 111111. 908). - 8) 3111111111 11111 111 11111 1111111111 1111111111 1111111
1111111111 1111111111 11111111Ρ. 11. 1111111 11 1111111111 111 1111111111.

 

