6666611611 66666.

21111666 696.

2166616666) 276.

1116616611 669. 662.

1116661116 104. (166. 644). 616. 626.

-, 11161161 616( 6. 419. 746.

2116611111 719. 7266. 792. 744. 746. 749.

10116661 160.

mwmmmm

27611166 426.

21161161) 241.

21111166, 66666. 611. 672. 600.

Marcus Torgensis 6. 616611.

21161166 Ῑ. 61116611.

2661661111 (16 6616116 66611) 7071.

6161616161, 26166166 676.

1116161166 6. 1011161166,

warin 169. 628. 666. 644. 681. 682. 697.
604. 619. 667. 648. 669. 706. 719·.

2611116666, 666611166616 66.

21161166 761.

211611). 6666166616.

2716166611499.

211616 666.

21161166 706.

1111111161 (604).

27161116, 61. 7761.

21161116 V. 766.

6161116166 6116116616 10.

1011161666, 86666616 (ego) 16. 20. 69. 49.
76. 86. 119. 121¹. 162. 166. 166168.
169. 142. 146. 166. 167. 170. 186. 187.
188. 198. 199. 204. 226. 266. 248. 249.
260. 287. 806. 640. 699. 406. 408. 418.
460. 469. 487. 488. 666.

21166666 166174. 614. 667. 666. 416. (111).
672. 696. 602 720·. 764“. (771). 806. 809.

2166161166 661.

2166161166 1. 116. 169. 669, 402. 496. 666.
mmmmm

6166166666 661.

6116166616, 611666 666 466.

21111661, 1116111 7261.

-, 61116116 164. 667·

6111611666.

2116161616616 (661. 9166666161, 6116) 1. 167.
196. 268. 662. 672. 464. 606. 666. 670.
626. 628. 666. 669. 766.

11116111, 21661166 644.

21116616 766.

ΜΜΜΜΜΜΜΜΜ6
199. 224. 286. 661. 666. 710. 746. 7626.

6111666661 600. 469.

2166661666, 61611166 (6). 27. 29. 41. 42.

1116111, 91116111 6116116111

466

44. 46. 60. 61. 62. 66. 68. 66. 67. 71.
(66). 66. 61. 62. 66. 66. 166. 166114.
119. 126. 128. 148. 149. 160. 166. 168.
160. 167. 172. (174). 176.178.181.186.
184. 186. 190. 197. 196. 200. 201. 206.
206. 210. 226. 226·. (227). 266. 241.
(261). 268. 261. 268. 269. 287. 288. 289.
290. 292. 296. 606. 309. 617. 620. 646.
611. (676). 461, 466. (411). (464). 461.
466. 464. 166. 166. (661). 666. 666.
(616). 616. 661. 667. 666. 666. 664. 666.
616. 617, 626. 666. 669. 676. 7121. 7176.
720. 7261. 781. 7671. 746. 748. 7669.
762. 768. 786. 786. 802.

211166616666 616611 490.

611116616666 6116 (29). 7671.

6666616666 1116611 166.

- 61611161) 611 11166111 406.

- 77666 29.

- 2166661166 406.

61116161, 5061161). 111166.

2111661611 646.

2111161666 401.

211616666666 Ῑ. 21616116 661161.

2116616666 671,

Mercurii speculum 669.

&Rene 141. 180. 188. 291. 906. 660. 468.

469. 462. 496. 662. 666. 672. 667. 660. 719. ,

760. 766.
6111666116 444.
611666), 6666 6. 161. 111. 404. (161).
21116611, 66611 167.
21116616 Sabe 726.
21111111, 6111 661.
101116, 1011661116 6. 7621.
6166666616 742.-
2111111616, 66116666 (666).
211116 7171.
2111611616, 016166. ’107 ².
2111666 94. ’
26111661 142.
2111111166, 11661166 664. 696.
witin 241. 401.
Moderni 279.
2116166666, 7161616666 644.
2116661 ἱ. 216611.
271666 406.
1116616611, 611661 666.
21166116 (617).
21166611, 16661166 (766).
2166161116 167.
6106666666 276. 299. 606. 676. 699. 417.
480. 462.

60

 

