67555555. 39

llil 5155Ιὶ5555 65555555 5555155 mit 55555555 555155, 5555 mit 555
555 45555 561155, 555 555 5551555515 515555 055555 65555555 1550 ex
Mathesii libellis 5555555555 5511). (line 4555555555 555 5555555555
555 555 6555555555 61555555 55575 55555 3557551 5555 5551155555 555
575155Ῐί5555 65551555 55555555. 5555 555 (5555555555 51555555 5555755
5555555555 55 51515555. 555 millen nur, 555 Ile 847 65555 in 53555 55
55511551, 555 55555 &cite 1-461 (555 469-53735 5155555555 5515751155,
55555555 520 &elien in 13555) 5555555 551565 555515515555555555551-
555 5551555 5555)(5555555 651155 5115556511- 576 65555 555 555 555
5555555555 555555 555 4651155, 55555555 668 (55155 ln {lolia 6155)
15555 555 5555555 555 55155 17665155 — 1555555556 51555 65551555 -
5555555554), 5157555 5555 555 575 5155555555 555 11751555555565551555
400 655155 in 5555 5555511555 555 529 651155 1551555 555 6555555555
1555551555 5555. 5555655555 mir bul 5555555555 555551, 55 555551 555,
555 bie 55551555 5555555555 55555655 55551555, 1555555116 5555 151555 55

555555 1155555 551, 575 575 65555555555555551551, 555 5755551 555
5555551555 55555 67555557155575, 555 5157575555 555 65555555 hie 555155
[title (55551555 ἰ5 5555115555 5555765515 5555555555 55555 5555555, 555
555 1715155555 555 555 55555 1541 75555 5555555555 555551 551.
515555ῐί5555 551555, 1555 5115155555· ἰ5 555 5555555555 5556511,

551555 5557 555555 55551555555671566 in 555 5555551555 555 55551555
35555 5555555. 55655555 555 55555 1540 555126 5155555555 555,
5555515555555 1541 5554511511, 1542 unt 2 lllutt. 1155 5565556155
555551 1615155555 humer nur 555154οε 1755155556 LH. XII, 131b (515 555),
XIII, 147b (5555515), XIV, 164b (55 5555555155 555). XHI,160b net:
5555551 et 5555 551555 55555 1541, 551555 5555 „elul 5516 55 555554
555551 5. ἱ. 5., 5555 hiel &till 51 15575155 551555 5555 1541 5555155, el
55565 556 55555555 1540, 5555 56515555 llt. 121. fibtigenss 5551 el
555 5555 lem, 55 55555555, 1155155555 56115 1541 555 42 5555515555
ln 5515555 55555 5557555; 5551 55575 5555 ult 55 5555555, 555 55 555
555 555555 51555 0515555 55555555 551555 6155651556 5155555655 555555),
5555 55 555 5555 5551 5555 5555155515 55 5515556 5555, 555 5565515
5555515 et 55155 57555 65557555 555 5555555555 55 7. 15555555 1540 555

1) 0555517515. N. 65115515. 23 FB. 4, XVI. 555. - 5) 55555555 555 6555555
555 6555167515 156715555555565555157511 5551870 555 555 mit lm 6555515155 555
6151751551555555 55519015155555 5555555555, - 8) 6515469-637555555155555-
diw de hystoria D. Martini LulherI, quam collegit D. Μ. (Dominus Mathesius) ox
ore D. ll. L. Db 5556 15157655 ἷίἱ5τ5555 maten? - 4) 0555 55715 1015155556 bie
2551555555 6555551555 5555 1547 55548 555 55555551 55551155. - 5) 557. 5755155556
111. xm, 1⁶6⁵, 555, 55).

 

