1111111111. 25

Ι1111111111 1111111111111 111111, 1111111111 111 111 111111111111111111
111 111 1111111 11111111
1111 11 111 11111 11 1111111111 111111 111111 1111111111 111 1111111111,

1111111 1548, 111111111111,111111111111111, 111 11 111111 1111111 1111 gest:
1111 11 11111111111 1111, 111111 1111111 11111 111 111111 111111.

1111111111 111 1111111, 111 111 11111111 111 1111111111 1111111111 11111111
1111 11111111111111111 111111111111111811111111111 mut: 1541 111 6111111111,
1111111111111 28. 1111111111 111 1548 111 11111111. 1111 1111111111
11 1111 1111111 11111 1111 11 111111 1111111111111 1111111111111111111111
11. 1111 1111111 11111111 111111 11111 11 11111111111161111111 1111, 111
1111 1111 1111 111 1111111111 1111111111 11 111111 111111 11111111 1111, 1111
111 111 1111111 1111111111111111. 11111111 1111 111 111 1111, 111
1111111111, 111 111111111111111111 1111111111111111 1111, 1119. 1111111111
1541 11 1111111111 1111 111111111111111111 111111111 111111, 11 111111
111 111111 11111 1111111111111111111111 1111111 111 111. 111 11111111
111 111111111111111 1111111111 1111 111 1111111111 111 1111111111111
21111 11111111 111 1111 1111111 11111111 111 111111 1111111 1111111111,
111 111111111111111111 11 1111111111, 111 9. 1111111111, 11111 111111 11 111
111111 11111111 1111 111111 11111 111 1111111111 111111111111111111111111
3111111111 111 1111111111 111 1111111 11111111 11111 1111111111 1111111111.
1111111111111111111111811111, 11111111111111 111111 11 111111 111111
11111111 111111111111 1111111111111. 111116.131111111541 1111111 11
{einen 11111 mit 1111 §matteum Tuo amieo nostra officia non deerunt,
1111111111 111111 111111, 111 10. 1111111111, 1111 11111111 111 1111111111
1111111111, 111111 11 11111 1111111 11111 111111 1111111111111111111111111
1111111 11111, 1111 11111 1111111111, 111 111111111111111111 11111111 1111111
1111 11111 1111111111 1111111111.

11111 111111 11111 11 11111111111111111111111111335 11 1111161111,
111 111111, 111 1111111111 111111111111111 11111111 1111, 1111111111 11111
11111 111 1111 1111111111 1111111, 11111111 1111111111 111111111111111111
1111111111 Anno 1550. Sic mihi accidit. Ratione et 11111111, etex singu·
1111 providentia volui instituere meas 11111111. Verum cum ad rem

1111, 1111 111 111111 11111111 1111 1541 11111111 1540 11111111 1111111111 11111 11
1111111. 1111111111 11111 1540 1111111111 154611111111 1111111111111 1111118111
111 111111, 111111111111 1546 11 1111111111 1111. 111 111 111111 1111111111 111
11111111111111111111111111111111 1111111 ,1111111 1551, 111 2. Iunii 111 111 111111
1111111111 111111 111 111111 111111 1111111111 11 &t 1111111111 111 11111111 111
61111 111 111 1111111111 111111 11111111, 111111, 1111111 1111 11111111 111 111111,
1 1111111 11111 1111111, 1111111111 111 1111111 11111111 111111.”
1) 11111111. 1114. - 2) Oorp. 11111. 11, 113.

 

