10 1111111111.

· 11111, 11 1111 111 11111111111111111111111 11111 6111111111 111111), et:
1111111 11111 111111111111111 111 1111111111 1531-33 111111115611

11111111 111111111111 111 1113111111 1536 11131 11111 1111151 111
1111111 1111 11111 1538 1111111 61111111111111111111111111 (Laut.) be:
fuunt3 111 1111111 1111 11111539 111111 Ser. 111 Rham„ 1111111111 453
111111111111 11111111 111111 111111 111 11111111111111111111111111111
111 111111 1111111111111 11 1111111111 15401111542 111111 111 11111111
in Khum.

5. 1111111111 11111111 111 1111111111, 1111111 1499 1111111111, 111111111
11111525111111111111111111 1111111111 111 1111 11111 13111111 1111111
1111111111111111111 11 111 1111111111 11111. 11 1111 1521 1113111111
1111 111 1111111 11 111 111 1111111111, 1535. 1111111 1111111111
1111111111111111111111111111 11111 111 111111) 1111111111 1536 111 11 11
111 111111 1111 11111111111111111111 11111111 1111111111). 311 111114)
1538 1111 11 111 1111111111 11111111111111111 11111111 111111 111 1111111
1111111111 111 11111 1539 111111 11 11111111111111111111) 111 1111111111
111111181111111111111111111111111, 11 111111 11111. 11 111111 1111 111
111 111 111111111 (1111111111111111111111. &eine 11111111111111 1111111
11 1113111 1111521 1113811111. 1111111111 1111111 111111 1111 1111
3111111111 111111111 11 111 1111111111 1111111111 111111111111, 11111
111111

6. 1111111111111111. 11111111 1111111111111111 11 11111 1532
11111 111. 342 111111111111. 11111111 1111111111 1111111, 111 11111111
111111111 1111 11111 1111111111111111111111111111111, 11111 11 11111111
1111111111). 1111111111 111 1111111111 111111 11 1111 11111 11111 11111111,

mie 11111111 1111111 111111111111111 (1534-39) 111111111 111111
11111 11111111). 1311 111 111111 111111111111 1111111 111111111111111111
111, ju 11 1111 1111111 1111 Β111111111111111,111,1111 (11111111 111111), 1111111
11111 111111111. 11111111111111111 1111111532111111111111, 1111111111
11111533-36 11 1111111, 111111111533-40 1111111111, 111 11111111
111111111111111111 153411111111111111 15311. 1111 111 11111111 1111111
1111, 111 11 111111 1111111111111111111111 1538 1111111111 1111111111
111, 111 11111111 11111111111 1536-39 11 11111111 1111111111.

1) 111111111111111 - 1) 1111. 11. 1111111, 1111111111τὶ1 111 11111
11111111. 1, 240. — 11111111111011112. — 4) 11111111, 3111111111.
1, 181. 1111. 1111111 111111 1111 19. 111111 1138 Laut. 13. - 1) 1111 1111 111
111. 11111111, 1111111111 11111111Ι 11111 111 11111111 (111111111111111111111111 111
111111111111111111111. 8.). - 6) 1111111 111111 1111111111 1111111111, 111111
,1. 111111 1131 (11111401 01111911) 111 111111 111111111111 111111 1111111111 1111111
6111 1111141, 11111. 1. - 1) cord. 133⁸.

 

