1116666εῆ1666 01661616.

483. 486. 492. 433. 617. 620. 630. 632.
636. 642. 643. 646. 662669. 662. 663.
666. 672. 676. 676. 676. 681. 682. 683.
690. 692. 637. 601. 603. 606. 610. 616.
619. 631. 637. 638. 6382 646. 649. 660.
663. 661. 663. 668, 669. 703. 709·. 7113.
712. 7127. 713. 7142. 716“. 716. 7172.
719. 726·. 7373. 738. 733. 740. 741. 742.
743. 744. 746. 747. 749. 7622. 7622 7642
7641. 766. 769. 772. 773. 774. 781. 784.
787. 788. 803.

&tabia 32. 674. 666. 701. 721.

216116 276.

2361616666 166.

1161166 666.

2166661116 22. 26. 46, 727.

1361166117. 176.

23611166 646. 7174. 609.

Patientia 666. 804.

26611111τὼ771 107. 406. 444. 606. 662. 777. 736.

wmumwz

216611, 1641166161 46.

ψωωωωωωωωωε
233, 234. 242. 268. 238. 306. 322. (334).
336. 366. 380. 386. 389. 390. 397. 418,
419. 440. 442. 466. 499. 606. 616. 632.
646. 669. 669. 676681. 686. 602. 607.
617. 619. 624. 648. 666. 663. 667. 697.
703. 718. 7191. 724. 732. 749. 768. 763.
770. 771. 784. 787. (788). 797.

Pellio, metallicus 469.

261116 622.
2361166 467.

Pessulanus mons 137.

wnwwmmmmw.
608. 666. 7263.

36776616ιηί6 746.

Μωτ66662666ω66
440. 461. 693. 696. 699. 603. 606. 633.
697. 700. 714. 718. 727. 738. 763. 787.
788. 737. 809.

116166 1116666τί66 466.

1161166 3661666661 267. 661.

1161166 be 2666 766.

2141111666, 1166161 711.

2161666661 61.

2161696666 1. 31661661.

11166 67.

3311667, 361166 166.

11171661, 6666 716.

2166661747.

3116166 214. 441. 666.

mmmmm.

W

ffiwmwfflffimmm

188. 189. 200. 206, 210. 231. 233. 241.
246. 287. 606. 060. 7232. 746.

21111166 66623661166666 66.

21611166 non bet ssfssla 666.

wwwwmmmmm.
280. 372. 373. 391. 407. 606. 7143.

2161611 (766).

11166616 6.

1111666611 610, 621.

2611111116 186187. 266. 340. 672. 787. 809.

— 1616666611 167.

2111616166, 2311ὶῦ616 466.

11116116611666 16. 71. 677.

2116616, 6. bet 766.

2116611. 211661.

211616,211661661016616(76. 164. 216). 266.
ww)

&mmmmmwum

ffimww

36116166 262.

116166 666.

metabere 726.

216161666τὶ (266).

216166, 6666 166. 671.

2161661661 166.

3661616666, 11661616τὶ. 6666116666.

2166166661. 16166.

2116161666666 216. 442. 667.

21166 86. 726.

1111616606.

11166166, 3166616666 (661. 2166666661,
16666, 3111666116 61661) 27. 76. 146.
167. 160. 163. 166. 190. 227. 244. 267.
272. 288. 306. 310. 316. 316·. 319. 321.
322. 323. 386. 336. 366. 637. 343. 344.
346. 361. 398. 404. 418. 413. 426. 434.
433. 440. 497. 602. 608. 623. 669. 661.
668. 671. 672. 676. 676. 679. 696. 606.
623. 630. 634. 636. 647. 648. 660. 668.
604. 638. 7092 7122. 714. 7142. 7142.
716·. 717. 7177. 7191. 724. 731. 7622
766. 762. 768. 763. 781. 783. 786. 802.

211εό, 36161ιί11 be ἱ. 3666616.

13616666 42.

2666166166 666.

ι 11666166, 01666661 bi (264).
¹ 1366161, 71661766 260.
mmmmmfflmmm
266. 306. 370. 430. 433. 439. 447. 438.
646. 772. 777.

mmmmmmmmm

mm>

30⁸

 

