58 0111111111.

111111 3111111111) nuth 1111 3109111111 11111111 noth einen ,1111111

111111ηοὶ111 1131111111111 11111, 1111 111.706,411111101111111111111 1111
1111111111111 1111111111 ,ιι 111. 706,143, 111 11311706143 1111111111,
1111111111111) 1111111111, 11 1111 111. 706,4 nnn 111111 101111111111111111
1111111111111 1111111 1111, 1111111111 nnn 1111111, bem witin 1112. 11δ
3111111111111111 111111 1111111111 1111111111111111111111.

311 1111 hanon 1191111111, 11111 1841111δο, nnn 11111111111111111111
111 1011δὶ111 111111, nod) 1111111111,11111111. 011 zm 1111111 ,1111111111
1111 δ1111111111111111 111111111111111 ,1111111111 11111 31111111, 11111111
1111 1111111 111111131111, 11111 11 1111110116, 1113111111111, 111 111
11111111δ11111 1111111111111 111111 1111111111 1111 1111111111 11 1111111111
111111 &hide 1111111111111111111 111, 111 1111311 11111111, 111111 1111111
111111 1111111111 111111 1111δ11, ,1 δ1111 111) 11111111111δ11111111111111111111
1111, 1111 1111) 1111 111111 1111, 11111111, 11111111111111111δο11111111111
1111111103 gu 1110111111, 1111 111 δ11 1111111111 1111111011 unb 111
3111111111 111 111111111611111 11 1111111 11113111111111 ist 111 3111111111
0111111111111111111111111111111, mie 111 1111116111111111. 311 1111
1111 1111111111 311111 1111111111 1111111111111111116 1111111111, 1111111111,
(11111111 nub Math. N. netgeidmet. Math. N. 111 ,1 δ111111 1111111111
10 1111111111, 1111111111 117 1111111111, 11111 [inb 11111111111111 mie
11 111 2. 1113111111111111111 non δ11 31111111111116111111111 11111111,
11111 &cite 43 111 61. 1111 111 11111111 ,0111111111 1111 Farr. 1111
146 1311111111, 11110, mit 112111111111111 Goth. B. 168 1111 60 1111111111
111111011111, ιιηδ 11111111111111 ,1 1111111111, 111 1111101111111111 in
1111111111 11111111 11111111 1111111011 1111111111 111, 1111 111 11111111
0111111111-

1111 2111111111111111111111 8. 1111111111 (311. 707-786) 1111011111
1111111111 ,1)111111116111111 3111111111 1111111111 111 ben 111111 1111111111
111 31111 1636 111 δ11 111111 111111 δ13 31111 16371),11111111111,111
111 31111111 11111111, δ1311111 1161111111111 1111. wie 1111111111 111111
1111111111 11 111 1111111111 1111011111. 1311111111 1111

-ῂ--ο

11311 1111111111 8111111111 1111111111 111 1111111111 111101111111111111111 11111111
311111 1111111, gum 111111111113116) 111111, Β. 1, 1011. (10. 3111. 1630, 1111 13111 Laut.
1001. nom 10. 3111. 1633), Β. 3, 212 (1. 111, 1636, 1111 1111111116 &obn 0111 1111
111 um 3. 1111. 1637, 16 111 1111 1637 ,1 11111), Β. 1, 46 (3. 31, 1636), Β. 1, 106
(6. 101, 1633, 3111111111 6. 1311, FB. 3, 71: 6. 111, 1633), B. 1, 200 (19. 1111. 1630,
1131111111 11 11111 1111111, 1111311111101 1111111 11111111) 1111111111111111111, 1111
11111111. 711), Β. 1, 330 (21. 01, 1633, 111111 11111 1637 ,1111111ιὶ01, 11111111
111111111111131111111111 111 &neq 1111111. 1637, 111. Laut. 3 nom 6. 1111. 1633) nub
B. 1, 311 (1. 311111 1637, 1111 1111311113 1111 1111111).

 

