0111111111. 33

11111111τί11 11 1111111111 ¹). 111111 11111111 111111111013111111111 111111
1111111111, 41 1111111111 1111111111 111 1111111111 11111 iihetiehem 111111
1111111 95 1111111 11111111. 11111 1111111 29 1111111111 11 1111111, 111 111
911111 111111, 1111 11111 11111111 1111 in Goth. Β. 168 111111111111. &a
1111111Η111.1111 124 1311111111 11111111111111ᾧ11111111111 1111111111 11111.
1111111 1111111, flia. 111111 111 gangen 1111 11111111 einer 111111, 111111111111
1111111111, 111111 1111111 nur 1111 Η111. 3¹13 11 11111111 111 111911111111111111
11111111 111111 1111 1111 111 11111111 hiet 111111111111111111111111111111111111
mit 1111111111 111 5111111111 11111111τί11.

Rhed. 1111 931111111111111111111111. Det 1111 111111 oft, 111 1111
111111 nicht 1111111111). ,

101111 1111111111111111 111111Β. 168, Μ111.Ν., Ηίη. 1111 Rhed. 11111
eug 1111111111 1111111111, 1111111 1111 1111 im 1111111111 11 11111 111
1111111111), 111 1111111111 111111, aad) Goth. B. 168 1111111, 111 11111111 111
111 1111111111111111111111 111111. 1111111111 gehen 1111 111111111111111111
auf 11111 1111111111 1111111111 1111111. 11111 1111111111 ᾥ111111111111 Χ mur
111111111111111111111111 1111111111 1111111111 11111111ἱί111 6111111111, 11111
1111 1111111111 1111111 gang 1111111111111111 1111 1111 im 1111111111 11111111
11111111 1111 111111111111111111, 111 non X 11111111 11111, 1111111111111
1111111 1111 111 11111111 1111 X 111111 obet 11111 1111111111 1111 X 1111111111.

11111 11111111 1111 X 111 1111111111 (ῧ111111111ε111111111). 11 1111
15111111 1111 1111111111 1111111111, 11111 amat 1111111111ῐὶ1 111 111 1111111111
1111111111, 1111 111 bet &teste mulier 30 1111111111 111. 19013 1111111111.
111111 111111 11111 11111111111111111111 1111111111, 111 111 unbem 1311111111,
et 1)(11 1111 1111 1111 111 1111111111 11111 111 ber fihetttuqung 111 bem ssatei=
1111111111 1111 1111111111 111111 8111111111111111111111111 19111111111111111 111
11111111111111 11191111111111111111 mit 11111111 1111111, um 11 111111 11111
1111τί111111 6111111111 in 1111111 1111111111.

1111111111 (1111111111) 1111 27 1111111111 11111111111141. 1111 11111 ist
1111111111 gut, 11111 1111111 1111111 1111111111 1111111111111111111111,11Β.1,310

1) 11111111 111 6111111111 11111ῐὶ1111 1111111, 1111111111. 1. D. 11111111, 1111111111,
61111111111111 1111, 11111111 11111111111111111111111111111. - 1)1111111Μ111.Ν.
61111 111. 1111111, 111111. 111111 111111 111 011111111αωὶ111111 111 11111 111111, 1111 1111111
11111111111111111111 11111 11111111. - 0311111111111111111111111111111111611111,
111 111 ben 1111 11111111 11111111. &a 1111111 111111 111. 141118, 1411111190 nur 111
11111. N. 11111111, 111. 111, 111, 111, 111, 111111, 1111, 1. nur bei (1111. Β. 111,
111. 118 1111 111 nur 11111111. 1111 111. 111, 111 1111 441 11111 111 Rhed. — 4) 1111111
ban 1111 B. 11111 1 1111111 1111 1111 gaure 1140, 1111111111 B. 1, 97: 1110, 11. Sani (1111
11. 3111111111 1, 11111 1140, 11. 111111. M 1111111 11111111 {ft 11111 1111111, 111111
111111111111111111 1111111111ιὴ111 in 1111111111, 1111 11 111 &tad 11111 1111111111111,
ttbe3 11111 11111 1111 9111111111 1111111111, 111 1111111 11111111 111 1111111111 1111,

mm. 11111111 timum ³

 

