272 1111111111, imum 111 1119111 41 111. 142-141

Respondit Doctor: ’111111 &o 1111 11111111 1111111111, 1111111 11111111 1111
11111 111111 1111111111, 11111 1111111111 quia frater, cui confitetus 1111111111,
1111111 Dei: Illa nunt soereta⁸).'

11111. 11111 1111. 111 1111, 111 (11).

1) Giufi 111 11111111 &tilde 111 1111111 1111111111, 1111111111) 1111111 111111 11111111
Fam: 0111111111. - 2) Fan: Item quaeritur. - 3) Fam: -1- 2 8111111.

542. Ραραῑ).
‘Papa 1111 11111 111 1111111111 Deum, sanctos, gratiam 111. 111 111
111 11111111 11111111, 11 1111 111 1111111111. 1111 11111111 1111111111 111
gen 1111111111) 111111111111111 111 111111, 11 1111130011. 111111 1111111113
11111. 11111 1111. 111 Rhea. 1111.

1) 6111111111 Par. 1111 111111. 11·, 111246, FB. 1129911111. - 2) 1111111111
{313 Ppffbffl'ssssssn 1111111111 11111αῄ1111 mit 111111 111111111ᾰῆ111 1111111111. -

143. Bam.

’1111 1111111111) 1111 111 11111111 qut 111 mit 1111111. Sd) 111111 111
11111111. 11 1111 111111 1111111 1111111111 1111111111) 111 1111 tuq 111 gu
ffieqenssputq¹) 11111 11111111 111 1111 1111111 mediator 1111 1111111111 1111 1111

1111 11111111111111 ,111 11 111111 1111 1111, 111 111111111111 1111111
1111111111 11111 11111 11111111 11111111 11111111“ (5111111111 1111111 pro re
politica 111, quae possit pro ratione hemporis mutari, restitui etc?

1111. 11111 11111111.

1) Det 1111111111) 11111111, 1111 11 111. 499 nequam, 6111111111. - 2111111
91111 in 1111111111 1111 nul. 1111111111 1, 111; 11 Me 1, 111.

144. 11111111.

“31111111111111111 111111 11111) 1111111 1111111111), 11111 11111111, 11
1111111111 111111111111 1111 111111 1111 111 nn. 11111) 11111 in 111 111
11111, 111 111 1111111111111111 1111111111 1111 1111111114). 1111111111
111 111 ein 111111, 111 111111 11111 11111111111111111 11 11111111 1111 1111111111
11111111) 111Η1ι11,1111111111)1111),1111111, monstrum! 11111111 11111 1111,
11111111111111111111111111,11111111111111111111111111. 1111111 11111
11111. Sd) 11111 1111 1111111 1111111111 111111 111, 1111111 mun 11111111,
11111111 11111 [1111111111 111113

Tum quidam: „Franckfordiae adhuc 111111 multi, 11111 itin (Θ. 195)
1111111 11111 1111111111) 11” Ἳ111111111111111111 nemen 1111 111 inem 111
1111 1111111 11111 11111, 11 11111 111 1111 wie 1111111 11111111 11 11111 11111

 

