1111111111. 9

3. 1111111 6111111111111 (111111111011111111111,1111111111). 11
1111 153111132 111111111111111111, 11 1111111 1532 111111 1111111111
113111111111111111111, 11 11111111 1533 11111111 11 1111111. &eine
61111111111111 11111111 1111111 11111111111111). 111 11111111111111111
1531 111 11 1111111111111532. 1111111111 111 1111111116111111111111
11111111, 111111 11111111 1111111111, 11111 &cite 61.

4. 11111011111111, 1111111 1502 11 11111111, 111111111111111
1531, 32 111 33 1111111 1111111111. 1533 111111 11 1111111111 11 1111111,
15362) 1111 111111 11111 1111111111 1111111 111 11111 111 111 11111111
31111111 1111111 1131111111 111111101111111. 111123.31111539 111111
1111 11111 11111111111111111111111, 11 1111 1831111569 11111.
11 1111 111 111 11111111111111311111 11111111 11111111 1111111111
15401111 111 ὓ111111), 1542 11 111111 111 11111, 1543 11 3111, 1544 11
11111 111 1545 1131111). 11 111111 1111 1113111 1111111111111111111
111111111111111 11. 1111111111111111 11111111 1111111. 111111111111
11111540, 1111111111 11111111 1111110111111111 1111111111). &ein
1111111 11111181111538 111 1111 1812111 6111111111 1111111111111
11111111), 1111 11111111111111111, 111 1111 111 111111111111 111 1111111111 1111
11111 11111111111 11111111 111, 11 111 111 111 1111111111 111 111111
1111111111 111111111111111111 111 1111111111 1111111 111. 1111111111
1111111111, 111 11111111 1111111111111 111, 1111 11111111111111111111 11111
1111111111, 11111111111 111111111111111111111111 11111111 1111, 111
13111111 11111117) 1111111 1111111111. 1111111111, 111111 11111 111111111 1111
1111111 31111111 111111111 111111111111111, 1111111111111111 11111111 111
111111 111111 5111111111. 1111 1111111111 111 111 111111111111, 11111 1111145,
11111111 1111111111 11111111111 1111111 1111111111, 111111111111111111111
11111111 1111 11111 1111111111111 111111111111111. {fiir 111 11111111
111111111111 111 1111111 1111111111 111 11 1111111 1111111 1111, 11 111

1111111111111111111 11111111 1111111111) 11111 111111 111111111111 111
111 1111111111 111 1116111111111 111111111111111111 111111111. (11111
1111111111 1111 11111111 1111111111111 111 11111111111111 11 1111311

bem 11111111,1113111111111111111111111 11111111111111, 1111111 1111111111 1111111 111
1111111 1535 111 1111111011 111 111111111111111111111111111111, 1111 1111 11111111 1111
1111 111 11111111 1111111111, 11111 &tite 41, 11111. 1.

1) 1111111111 111 1111111111 311111. - 1) 11111 111111 11111111 111 21. 1111. 1531
111 11111115, 1111111111 11111111 11111 1531 11 11111. 1111 Ser. (111111 111. 11811111
111111, 1111 1111111111 1111 1111111111111111111 31. 1111. 1531 111 (11 11111 5, 1ο)
11111111111111111111111111111111111111111. - 11311411. - 1)1,111.1ΙΠ.
- 5) 311. 311. - 6)1311111111111111111111111111. — 1) 11111 1111111111
111 1111111111 6111111111 111 11111111 1111111. 1111111111111 111311. 0111111.
111 1311111111111111 1111111111. 1111111111. 11. 111111 111111, 1.)

 

