5551511555. 21

555 5555 51515555 555555, 551515 5 555 1555155555 1521 555 555
5555 55551555 515551 auf, um flosculum juventae suae 55 55 65555
8¹¹ tetten, 555 5555555111 5555 in 5551 555555 555555. 55 5555155555 555
1155555558 {einer 55, 555555 5555555 55115551 5555 55555 5555551555 1555
5 in bie 5555515555, 55 er ben 551515 5515225523 in 1555515555
5515515. 551555 55555555 1523 555155 5 555 51555 1555 in 551155
5551), 5555555 55555 er 55555155 hei ben 5515555 {einez 5555555555
5558 55555551), 55 5555555515, 55555551 bem 555155551155558 55555155
51515 555655555551515155155555155555Ι., 555 5555555 5555515 155
55555155 55 555 555 55 5155155. §Die btei 535555, 5555 (55555555 155
55555551 55555, 5555 555555511551551155, {patet 515 5555555 555155
5155151555 Π., 55555555 55515555, 55 5551551551 55551155, 5515551
5555 {eine 555 511551115555555555 555 515 55555555 55 55555 51555 =
5555155555 15551555 5155551, 555 55555555 5551, 55 55515 5151155
5511555 55 51555555 55511. 555 51155155ῐί55 Π. 511 5555555 55555
555 5555555155 5555 5555115 5555515155, 555 5551 5555 5555515555
5555555155555 15556515 55 555555 53τὶ5555 5155555511 55115. 55555
155515 5555555515155 bem 15155155555555 555 5515 555 515555 515
5555115555 51551151 5551 [unge 5555555555 5151555, 555 mit 555555 558
5555515 5551 55 5555, 555 er 5555 1539 {eine &tenunq 555555 555 auf:
55555 55515. 55 5555 gum 5551555551 555 1511155555 555 55115 515
1539 555 40 515 555 55555555 555 5555555555 51551 15 5555515555.
&t 555 bei 5555 555555, mie 5115155555 5555155 55551115155555556555
1555 555 1540 55551 5 55555 5555515551 5555555 obet 55551555 in 515
115155511555 ein. 55155 555 1555551555 5115555155 555 in eiuet 55555
535555851511555 in &uthica 5555555555, 5555 55555555. 535 55515 155555
1540 mit ciuem 555555155555555551555551555) 5555 51515555 antiis.
1155 {eine 55155 (55555515 ist 55 55515 55155515), 5555 5551 5555 555
555 515 55555555555151155 5155555555 55555, 555 5551115155ῐί5 5551 in
bem 5155511515 55 6555155 aum 55555 55555555 555 555 5555 5551 in
3555155551555555555555 iit, 555 151515τί55555 551551 551, 555 er 5155
5551 55 &timibet 55 555555 5555555551 5555555 [ein 1555.

wie 51555555 55 655155 55555 5555555151 iit 5551555 eine 5155
15555 55555555. &metue 5555, mie chen 555551, in 5555 555555τί51
5555 oft 5555555 5115155555 155515 555 555 5555 55555, 555 1555551551551

1) 5555555 5. 55515155, 5. 5. D. &cite 3183 (15151551. 8, 881. - 8) ADB.
12, 885. - 5111515555155551555 5551555555115115218, 5555551545. -
4) corp.Ref.a‚1094. - 5) 5555 5 535155 5551551 551, 5551515515 5585551555
1115155558 LH. XV, 188 5551155555 5151555 5555555555, 5555651570. 5155 fuit
ἰιιι 5155155515 555115, 555 ee 55 555 551558 tob 5555515115.

 

