32 OEinIeitung.

11111111, 111 111111111111 1111111111111111111111 111 111111111111111111111
11111111 1111, 111 1111111111 1111111111 11111 1111111111111111 1111111111

1111 11111 1111 11111111 111 1111111111 111 1540 (1.1111111111111).
1111 1111111 11111 1111 1111111111 1111 1111111111 1111111111, 111 111 1111111111
1111111111.

111 1111111 1111 111111111111111111111 111 1542111411 111111 1544
(2. 1113. 1111111111 111 1111111111, 2. 111 8. 1111111 111111). 1111111111
11111111 11 (5111111111 1547 111 1111111111.

1111 1111111111111111111111111111 111 11111111 111 1111111111 &numu
111111, 111111111 11111111111111 11111111111111111589 (4. 111 5111
1111111 111 1111111111, 4. 111 51111 111 111111). 1111111111 111111 11 11
28. 1111. 1547 mutuo 111 1111111111.

11111 1111111111 11111111 1111111111 111 1111111111 6111111111 (1111
1111111111 1111111111). 1111111111 111111 11111 1111111 1548 mutuo 111
11111111.

1111 111111 1111 1111111111111111111 111 1111111 6111111111 (1. 1111111111
111 1111111111).

11111111111111 1111 1111111111 1111111111111, 111 1111111111111 mutuo
1111111111111111111111111111 1111111111111 111 1111111 111 11111111 1111111
(8.111111111111 1111111111, 11111 111 111111).

111111111111111111 1111 111111111111 111111 111111 6111111111 111
111111111111111111111111111111111 11111111 111, 111111 1111111111 mit
11111111111111111111111111 111111111 111 1540 111 11111111 11111111 111
1111111111 1111111111 1111111

111 11111111 11111 1111111111 111 (1111111111111111111168, 11111
11111 111 111 111 811111 1111111111111111111111111 Goth. B. 168 111 115
1111111111 1111111111 11 1111111111. 1111111111111111111111 111 111 1111
111 1111111111, 1111111111111111111111111111111), 1111 1111 1111
(11111Β. 168, 1111 1111111111 1111111111 11111111, 1111111111111111111111111111
111 1111111111 1111111 11111111111.

111111111111111111111111111. N. 111, 1111 11111111, 1131111111 111
1111111111 11111111. &ie 111 11111 11111 1111611111 11 1111 1111111111
11111111), 11 111 111 1331111111 1111111111 145 11111111 in 1111111111
1111111 1111111111. 111111 111 1111 30 1111111111 11111111, 111 (1111111118.

11 1111111 &teuc 11111Η11. 811111Μ111. N. 61111 21 11111111 11111

1) 18111 811111 111111. N. 6111111 1111111, 11 111 111 1111 111111111111111 11111
1111111 111111. N. 1111111111 111 1111111 11111111 111111111111111111. B. 118, 11 1111111
1111 111111111111111111111. 1111111111 111 1111, 111 111111 11111111111111111, 111
Goth. B. 118 1111111111111, 111111111111111111. - 2) 0111111111111111 111 111
1111111111 111 111111 11111, 11111111111111. N. 61111 11.

 

