34 1111111111.

111 1111 111111111111111111 111111111111111111111, 11111 1111111 111111
111 111111 111. 181, 241 111 245 111 1111 111111111111811111111111
11111111111111 111 3¹1 11111 11111111 11111 11111111111111111 1111, 111.
11. 241,1. 1111111111 11111 111 111111111111111111111 11 111
1111111111 111 11111111 1111111111 11111111111111 11111111, 111 1111
1111111111 1111 1111 ¹), 11111111111111111 111111. 11111121 1111111111,
111 1111111111 111, 1111111111 1111111 111 18 11 111111111111111111111
1111111111, 1111 111 1111, 11111111, 111 1111111 111 1111111111 1111111,
1111111111111111 111111111 11111111111111111111. 111 1111 11111111
8111111 1111, 111 1111111111 11111111 111 1540111111111111111,1111111
111 1111111111 1111 111111 1111111111 1111111111111 11111111111. ’

11111111 111 1111111111 111 111 1111111111 111 11111. 111
11111111111111111111 11111 1111111 1111111111 111111111111 1111111
111111111, 1111111 111111 11111111 11111111 1111111, 11 111111111111
11111 corp. Ref. (10, 519-608) 1111111111 11111111 11111111. 1111
111 304 111111, 111 111 1111111111 111111111111 11 11111 1551 in
11111111111111111 1111111111 111, 1111 111111111111111111111111111
1111 1111111 111 1111111111111111; 111 11111111111111111111 1111111111,
111 111 1111111 1111- 1111 111 1111111111 0111111- 11111111111111111
1111. 11111111 111111111111111111 111 1540 111111 2111111111
1111111111 111 11111111, 11111 111. 35, 213, 319 111 4421111111111
111111, 111 11111111111111111 111111 1111111. 1111 111 111 11 11111111
111111, 111 1111111 111 111111 111 11111111111111111111111 1111111 1111111
15401111111111111111111111 1111111111 11111 1111111111111, 111 1557
111 1111111111 111111111 111111 in 1111111111 11111 111111111111.
11111 1111111 11111 1111111111 11111111 111111111111111 111111, 11 111
111 11111111, 111 1111111111 11111111111111111111111111111 111111
111 11111111 111111111111111 111111 1111111111 1111), 1111111 1111111
111111 11111111 1111 111111 1111111111 1111111111 111. 11111 1111111111
11111111111111 11111111 111 1111111 111 1111111111 111 111111111111.

111. 11. 41, 1. 111 11111 1111111 1111111111 1111, 1111111111 111 11111111 11. 3111
111 111 1131111140 11 1111111111 1111111111 111510 311 11111, 11111111 1111 1111
111111 111111 0111111111 11 11111.

1) 1. 11111111 111 1111111111. - 2) 31 1111 1111111111 1111111111 111 1111111111
11 Β. 111111 111 mit 111111 &tem 1111111111 111111 111 11 1111 1. 1111111111 111 11111
11111 11111111 1111. h: 11. 1, 33, 111, 111, 212², 217*, 1111, 1111, 1111, 111,
14111111, 111, 221*, 1111, 303, 111, 320, 321, 322, 323, 111, 111, 111, 323, 111,
442⁸. - 1)1111111111111111111.Ν.113-119111111111111111111 1111111111
11111111 11111111 1111111111 111 111 1111111111 1111111. 81111111 111 11 1111111
1111111111, 1111 11111111 1111111111 1111 1111, 11 1111111111 1111111111. - 4111
11 1111 111 1111 811111, 111 111 1111111111 1111111111 1111 11111 111111 1111111

 

