36 6111111111.

61111111 1111 111 11 11111111111111111111 111 11111111 1111111111
11111111. 316⁸ 1111111116111 1111 1111 1111111 111 111 1111111111111111111
rec, 111 111 11111 11111111 11111111 111111, 1111 mit 111 111 11111 (1111111111
(11111111111111 11111111 ,1111 1111 11111111 11111 11111111Ι 1111111111
1111111111 1111111111 11 111111 111. 3163 11 1111111 111 111111111111111
11111 11111111111111111111111111111 1111111111 1111111111, 111 (11111111
11111 1111 1540 11111111 111 111111 1111111111 1111111111 11 1111111 11111
1111111111 111. 1111 11111111 1111111111 1111111111111111111111111111
1111 1111111111 1111111111, 1111111 111 11111111 116111.Β.111111111111.
1111 1111 1111 61111111 11111111 1111 11111 1111 1111111111 111111111111111,
1111111 1111 11111111 0111Β. 136 111111

Confessio senis Metheeii.

Peccator doleo, fetecr veniamque requiro
credoque me justum sanguine Christe 111.
111111 111111 11111, 1111111111 11111,
1111111 11111 11111, 1111111111 1111111,
111 1111111111 111 1111111 111111,
&cic blut 11111 1111111111 11111.

1111 111 1111 1111111 1111111111 111 Gord. Β. 11111 11111111 enecate:

1111 111 mee: 11111111 1111111 111111 in papatu 1111111 1111 1111111111 1111 11111,
respondet: 11 1111111111 1111111111 111 1111 1111111 11111 111111, 111 1111111111
concubinam. 111 1111111 1111111111 Sive hebeat eive non, ettamen cogeretur dere
pcneconem.

11111 11111111 111 mir 1111111111 1111111111 1111 111111111111111
111 1111111111111. 1111111111 1111 111 1111111111 1. 61111 2. 8111111
3. 111111 4. Meth. N.; 5. 1111111111 LH.; 6. 0111111111 1.1Β.; 8. B.
111111 1111111111 1111 111 111 1111111 (5111111111 111 1511111111 111
1111111111 111 111 111111111111111111 111 11111ῐί11, 11111111. c. 11111
111 1111111111 11 1116111111111111111. 1111 111 11111 1111111111. 1111
1111111111 111111 1111111111 1111111111 1111111111 1113111111111111
11111 1111111111 111111, 1111 1111 111 11131111111111111111 - 111
1111111111 111 11111111111111 111 1111 1111111111 11 1111111111 11111
11111111 - 11111 1111111 11 1111111111. 11111111111111 1111111 111

1111111 9.]1111. (11 6111111111 1111111111, 111 11111111 111111111111111
11111. 11111111 1111111111 1111 10. (11111Β. 1683 11. Hirz. (11111111
[1111111111111 111111 111111 1111111111 11111 111 cete 1111 1111111111111111

111 111118111111111111111); 11111111 13. Mem.; 141111 15. Bev.;
16. Ser.; 17.K11um.; 18. Oben.; 19. Gord. B. 111111 1111111111 1111 111
1111111111111111, 11111 1111111111111111 1111111111 1111111111111111
111 111111 111111111111 1111111111 Β. 1111, 11111111119111192

 

