20 5551551555.

555 (5551555555, &cite 417-432 (Euge 27) 5515 555 8555555555, 5515
555 9855, &cite 433-478 (8555 28-30) 555 6555555555, &cite 479 515
555 655155 &cite 548 (8555 31-35) 555 855, im 81555555 85155 1-8
555 5155, 51155 9-46 555 55555 355555. 11555555515555 555 5155 5555
555 85555, 5555 bie 8555555155 555 551556555515555 555 55555 555 in
allen 8515555555 55555515555555 5855555555 555 85555 515 515 3555555
55555555 (555555 5555555.

555 25555, 555 1546, in 555 5555515555 8515555, bide 55555 65555
[ung 555 8515555555 55555555 in 8555555555 im &idjffithen 1555555555 he:
555555 555 in 555 855555 1541 55548 mit 555115155555555 {einez 8555555
2155155555 5551555551 555, 55555 151555 51555555 {einen 855555. 6555555
(8555555), 55))55 855555 555 Θ55155 555 55555555 5551, 1555 5551 5555155
in ῧ5555155555. wie 8555555155 5555 ibn 555 5555 5555 in neuetet sseit
mehtfud) mit 555 8555555555 iiber 555555 ῧ55555 81555 5555555555555155
5555551581551555 6555555 {inb 5555 3555 5555555555 53555555.

58555555 81551, 15555ἱί551 45555555), 5555555 555 8555555555 555
(ἐῐὶαῇς et 55555 fid) felbft Caeserbergius³). &chon 1510 5151 er mit ῷιῑῒῒεῐῐ
5555555551, 1515 (1516) 555 et 5Ι5 55))55555555555 8555555 in 5555555
5555, 1517 15515514), 1519 in 5551555). 85 55555 855555 555 &thiota
55555551 555 in 58555 35 55515555 55.

25555555 85555555 5555 &chinea 15555Ῐί55 Severus, 5555155551555
555 5555555555555555 (55551551 555 6555555 555 ι(7555555, 555 5555555
81555555 855) 555ἱεὶ1555555. §ling 555 55555515 555 ihm 55555551),
5555555 er 555 5155 5555515557) 555Ρ5555515558) 55551, in meint er
5551 Pannonia Superior 555 555 ἶς155 5555. (55555 555 8555555555 555
tinem 5555 5515515551 {theim 5555 311 iptechen, 555 et 555 5155 515 plebejum
hominem 555 miserabilem Imm 5535555519), 5555151555 5555511555 555
&tannem mie 5555555555, 83555555 555 881515 555 in ciuem 8555555555,
5555555555 mag et ciuem nerutmten ssmeige 555 (5555155515 5555555 55555
§ein 85155 555 55555551 1555515555 8555555 55 5555555555551555555. &eit
1518 [5555555 er ἱ5 58155. we et 55155 55 55555555 5555551, gog 55 555

15555 555515 5555 8551, 5555 555 5555555551, 555 in 555 655555) 555 Mt
551515, 5555 555 in 88555 555555 515 5555 555 5855 5555 5555555 555 55555155

1) 6515555555 iu bet 85555555 i. 5. 55555. 555515ςὶ5. 1814. 85515562).;555ῐί5
2, 495. - 2) &ich 555 (bruher. 4154. - 8) 1855555, Hutteni opera. 1,128.
- 4) 5555555 555 55551555, 5855555551 555 5855555 55555555. 101. -
8) 1855555, 5. 5. 0. 1, 225 555 251. - 8) mr. 121 555184 5ί5Ῑ55 5155515555
55555555 5. 5551551555, 5. 5. 0. 211. - ’1) 85515555 Ῑ. 5. 55555. 555515ςί5. 1814.

&cite ἓθθῑ. - 8) 5555515 5. 5555551555, 5. 5, 0. 318. - 9) 5555555 5. 5551551555,
5. 5. ,218

 

