46 5151511555.

55 515 51511155 651515 15555 551 1111551511 5515515511 1155, 5555 155 51515
24 1115555 5511551151551, mit 6515155551 551 1151515155 15 11511. N., B.,
FB. 555 Ser. 1155515551 ubet 5515111 515 55111155155551555111 13 1115555,
515 551 Ser. 155155 5555 551 5155 1551555515555511555155515115115555
111613, 684, 694 1155 691 515 106.

111515 13 1115555 1155 mir 515 11111151. 111. 613 155111 51111155 155
11551 1539, 1515 515 1551155551 555 1115555555 95555515 5515511, 555
15. 684 555 694 1551555 5555 Sor. 555515115 155 11555 1539 5511511, 515155
5551, 51515555 5551551, 51551551 55515 1155511155 555 151155. 111. 691
515 106 1551555 551 55155 515 1155555511 5151551151555111515 5515515515
5555155511 155 11551 1539 5511511. 1111 51515 1151155551 51551151 6555555
5151115555 5151151551 15 515 1155115 511115 555 1155151 11551 5555155555 115
5555 51551, mie 51511551151111 15 555 1151511155 5555151111 551551, 5551155155
5555 5551515115555 1515, 5555 515151 5151 15555 15111511 1539 5555111515.

1151 11511. N. 5555 15 515155 1151555111 555 5511151551115555 6515511551
55515115 111, 15151 515 11555551 555 515 515155515115 551 10 1155515155
11511. N. 583-592. 1151115555 551 15 5151551 1151555111 51515551151551155,
1555555 5551551555 555 1551515555 5555 555 51551 5555151151551111, 515 noll:
11555115 mur, 515 515 555 9151551155, 555515115555, 5555 et 551 51551515
115155, 555 amat 11551155 55155, 51511151551515 15 15155155555511555
15151155 551.

6. 5515511155 555 1115151555 6555155155.
(nath. 1. &cite 555-51.)

Der 6. 1151555111 15111111 15 1551151555151155155, 515 amat 55155 1515
1555155 35155555551555551 55115551 1155, 5551 55155 515 6511515555 ber
1155515155 11551 5515155555 6555155155 1515515155 1555555.

1115 2. 115151551511555, &cite 370-472 ber 1151511555 5555155115, ent:
551111515511555551115111555 6551511551 555 555 955555 1529-35, qegeu
4061115555. 15 111 5115 15155 551111551151151555111, 155555555151551155
15551 555 1115151515 5511. 1155151555 1155151 555 11151115 55551555 mit 551
01511, 6511519911. 555 15 5551 511155 115555 555 Bam, 6511511211, 555
11555 115555 51515 1115555 551 Oben. 555 Bav. 15 51551515 (1151555515 555
151555 9155551555, 1515 15 555 1151111555 5555151111, 5555 515 5151515515
61555155 1155 15 555155 115115 55515555551511111). 1151 11155155 1511155 mit

1) 1115 5155555 1151551115, 515 55115 5555155111 11511. L„ 1555510151. 555
Dietr. 55115551555551 11555 11511. 1. 65115910-316(Β51.111-180; Oben. 199-1031)
= 111511. 115-45ς 115111. L. 516-411 (Bav. 242-8173 Oben. 225-261b) == Dietr.
8ssb—162b3Math. L. 417-422 (Bav. 317-8263 Oben. 251⁵-255) = 111511. leo-198&
11511. 1. 455-455 1151. 515-145; oben. 1151-155) = Dietr. aab-86³3 115111 1.

 

