(5151511555.

515 5115555555 555 515 5555555555.

wie 55555 55551555 555 5515551555511555555 5551 5515155 55555
3551 555 55551555 5551155155 55 55515155 555 5151151155 55155555 51555
1511115555 11555555, 115 515 51551555 555555555551155 1. 115 5515555 35555
55155115 5515555555 551, 2. 555 115 5555551555 551, 555 3. 5515555 555
5555155555 15551 iit.

555 55115, 55551555 55555155 155, 515 1155155555, 515 11515115 555
515 155555 5515155555, 515 et 551 151155 555 11515555 2115555 51515, 515555
5551551555 555 55 55555151), 5551155555 55555155. 5555555 55 551555

115555 15 5115555155 555 555111155555115151555551416, 5155 11155 515
5515551), 555 et 55555 1524555 25, 5555 515555 1526555 1528 15
5111555555 1531 555 32 15515 er 515 &ait 15 551555 55515, 555 5555 515

515555 55 21155551 55115555 5011155555 5155551515 55115 et 15 555 51551155
555555 555 511555155555511, 551555 55 15555. 115 21151 1531 5551511 et

51555 5151 515 1155155155 2155515155 5555 51515555, 555 551555 1555515155 ·

5511), 515155 51515 55 151555, 555 1555151 et 55) 55155551555555115555 5555
5551511555 5515 5515555 5555 21155551 55515551555155 1515, 5555 mir 115555
155 555 15 55151155 1540 15 21555514) 555 555 5555555555111540 15
55555 551555 5111551555 555 555 5555555555 15 5111555555. 515 555
55155555, 515 155 15 515155 55555 55 511 55515 1115515, 555 {eine 55555555
515 555555555551 5555 5155551. 5155551 151515 et 555 51515. 115
5155551555 1540 5155 55555515555115 5511555 5155 1546. 5515555515

1) 1151555555551515551 55 55; 51555155 015555 5515555 555 15555 5151 150555
555551555555 555555. - 2) 515 5555511555, 515 55555 5515555 5115155555 555 ,155555
555155 5555555555 555555, 111 151155, 55555551515555 ubet 15555555155555 15 515555
1155511555 5555505555. 5151151 155 51126, 5551555555 5111 29, 2115155555 5511 55 351555
55 5515555 51155. - 3) 55 565115 5, 65. - 4) 5155555155 215112. 5555155515
5555 1540 55 5515555 51115 5555555555, 5555 5151511555, &cite 55. 551 8. 11. 5151155,
clerus 1155515Ιά1555. 92 11551 515 Μ. Clemens 515 2155515155 1155155155. 11555 15
55555551551 555 55555155 15 5111555555. 55555, 5155555555 Dr. 2115515 5515555.
246 555 628. - 5) 55 515115 5, 510. 555 5151551155 5155 ct 555 1551555151 15 215. 460
5555551.

araret, 11515551 5115555555. l

 

