402

01161163 024.

01101611166166 714⁶.

8110616660 1. 0116161711.

0111661661 121.

8166611616 7.

mwwwmmm

6111166 557. 545.

11111, 86116611 6. 8. (1.

1161, 61611404.

861, 06116066 60. 67. 163. 176. 277. 606.
707⁰. 708. 711⁸. 725⁵. 781. 786.

8611661166116111611 143.

-ψωωωι

8116616161 0111111696. 637.

06111616, 11616116 600. 603.

86111661, 8611 666.

1161661 (272).

11611611, 86116 16.

116661 (6401.

116161 764.

06111161 240.

11111106 66. 82. 121. 121⁸. 127. 105. 448.
700. 704. 714⁶.

666611 1. 866611.

1111161363.

ωῃψωωαψυωωω.

361611, 8116111166 6. 46. 47. (7331).

116161, 06616611 634. 413. 527. 582. 510.
025. 788.

116161, 11161161 (011. 66611666) 400. 606. 617.

36161, 11. 6611 11111116 (6301.

116161, 1666061166 1. 8111661.

116161, 81661166 344.

116100 Β161666116 1. 816111.

86161161661616. 617.

5161616616 (143).

11611611. 611661.

3666140.

germiae 100. 666. 6661661). 704.

366161, 1166161 401.

1161106616 436. 433. 441. 704.

8116161661 828. 862. 608. 674. 680. 606.
710. 764. 767. 777. 787.

86161611. 8161116611 6661166.

0616166 16. 361166). 201. 666. 406400.
413. 470. 608. 660. 608. 604. 608. 618.
668.

36161, 111116 1. 8166116116.

lucendiarii 1. 8166116666.

366166 663,

16666616 214.

8616116011493). 592. (606).

810161611111166 81661161.

1166161774.

0666 664. 466. 666.

1166111111 0611 81111611 052.

1166111161 Ι. 666 8166161061 636. 666.

1166111161 ss. 6668161061161 031. (434. 467),
468. 484. 018, 686. 676. 7287. 786.

3666661161 (205. 300). 310. 666. 364.
668.

1666011666 1 6666161166.

11066 480. 704.

36111, 81691166 746.

8001033. -

36116116 016 81666 231.

8611666 661 8611661116 60. 67. 116. 134.
172. 668. 720.

11616611, 861616666611166 734·Ι 764.

3616116 061111 066 (6610166 (40). 124.

8616161 8116οτ111 bet 01161166ῐί16 16. 60.
68. 68. 76. 87. 100. 101. 124. 184. 140.
147. 168. 164. 188. 241, 246. 272. 282.
288. 284. 826. 860. 868. 860. 878. 488.
(4071471. 608. 608. 064. 066. 606. 621.
688. 660. 668. 666. 707⁰. 702⁸. 710⁸.
7237. 781. 786. 7577. 788. 740. 1748).
748. (752⁸). 704. 770. 777.

8111666 XXIII. 279. 733.

36166116, 8611116 (731).

1161611166, bet 866166 228. 764.

1161616166, 0661611611110). 166. 176. 166.
180. 887. 487. 408. 572. 575. 502. 507.
6661664). 666. 106. 164·. 360.

3616666667 279.

8616166704.

861166, bet 1116111161 613. 719⁵.

80000, 361166 4. 7. 9. 11. 12. 13. 14. 16.
18. 21. 20. 26. 27. 87. 175. 170. 212.
868. 602. 508. 671. 614. 706. 781. 711.

-, 1616861111 176. 176.

36161161 120. 507.

86161, 11616 1. 6166116161.

1161611, 1161116611 334. 606.

36161111 6110 8116116 604, 706.

1161611166 266.

11646616 16 8661 764·.

36166 766.

1161)θὶ 102. 188. 877. 608. 706. 741. 748.
807.

3666666 634.

11666 327.

81661284. 627. 062. 618. 704. 786.

3161661.

1166661660. 754.

1 861611 862. 864. 424. 488. 002. 606. 781.

 

