ffinleitunq. ’1

1111111 1111111 1111111111 111 111111111111151, 111 111111 11)(11; 1111
1111 11111111 11111111 1111111111 111 11 ben 1111111111111 &tenen 111
111111 11111111 11111, 1111111111111, 1111111 1111111111111 1111 1111111111
111111 1111111111. 11111 1111111111 11111 1111111111, (1 11111 1111111111 11111
11111111111111111 1111111111111111111111111111111. 1111111111 1111 1111111111
1111111111) 1111111 1111511 111111 11111111 11111111 1111111111111111111111111.

6111111111 1111111111 1111111 [inb 1111111 1111111111, 111 1111111111
1111111111311111 11111111 5111111 11 1111111111 111111 1111111111 111. 11111
11 1111111111 111111111, 11111111111111111111 1111111111111111 uber einer
1111111111 111111111111111111111111111111 11 1111111111, (1 11111 111111 11111
11111111111111, 111111 1111111111111 11111 in 1111111111111111111 111111,
1111 bie 1111111111, (111 11 1111111111, 1111 1111111 111111111111111 11111).
1111111111 1118111111 1111111111, 1111 11111111111111 1111111111111 11111
11111111. 1111 111111 111) 11111111(11,111 11111111, bet 11111, bie 111111111111,
111111111111111 111 11111111 1111111111 13111111, 1111111111111 1111111111 1111
1111111 111111, bie 111111 11111 111111111111111 (11111111111111) 1111111111
11111111111111 11111111 1111111111 11111111, 1111 6111111111 bet 1111111111
11111111 111 1111 1111111111, 1111111111 111111111111111111111111 11111111
1111111111111111111, 11111 1111111111 11111111111111, 111111 11111111 11 immet
unb 1111111 1111111 111 11111111 111111111111111111 1111111111 1111111. M:
1111 [iuben 1111111111111 6111111111 bet 1111111111 11111ῧ111111, bie (111
bem 111111, 1111111111 111111 111 1311111111, 111 1111111111111111 11111111111111
1111111 1111111111), 11111111) 1111 11111111 11111111111 11 11111 unuh:
1111111 111111111111111 111111111111111111111111 1111.

sd) 1111 11111111, bie 111111111111111 111111 111111111111 1111111111

11111111. 111111111111111 1111111111 - 111 (1111 11111 (111 1111111114) -
111111111 1111161111 1111 (111 1111111111 611111111111 111111111111111
1111111111, bie 1111 (11111111 (1111, huben 1111111111111111111111111 bie
1111111111 1111111111 (111 11 bie 1111111111111111111111. 11111111111111
1111111111 1111111111 (11111 bie (1111111111 1111111111 111 11111111 wer&
111 11111111111111 1111111111 1111 1111111111111111111111111 111111 ab:

1) 111 1111111111 11111 1111 &genart 11111 jebet 1111 11111111 &tu 1111111111,
abet 11111111111116111111111611111111111111111111ιῖ - 2) 111111111111111111
111 811111 non 1521 11111 11111111 1111111111 111 11111111 1510111111111, 111111111111Η.
Xffl. 14111 1111 2111111111 11111111 11 (11111 1111111 11111, 111. 252. 1311. 11111 1111111
1111111111 6111111111. 122 (11111 11131111510) 1111 111. 883 (Θ111111111510); 1111111
111111161111111 111111111 non 1111111111111111 111111111111111111, 111. 22911111 143.
- 3) 1811. 1. 11. 1111111111. 154 (1111111111 1531111111. 1601. (10. 1111111111 1538).
- 1) 11111 111111111111111 1111111 bem 1111111 bet 3111131111, 111 1111111111 1111111111
1111111111111111111111111111111111. - 1)311111111111111111111111111111
gegeben, [1111111111 111 1111111111 111 11111111 111 1111111111111 11111111111111.

 

