5151511559. 15

1566 511555 1555551. &t 555 um 18. 2155555 1515. &eine 95555
1515551559 ber colloquia obet 51555555 251556 55555 1566 95 61615555
95555111).

5555591555 {inb 555 5511116555 95555515, 5595551515955
56519 uu 251551 51555 5559555555 555 5551555 95655, (5555159155
955555551595515 65551559 nnn 51555155 955551 95 55555 555555, bie
555 bod) 555 1155155555(615595515) obet 1515155556 itt 5595 1555155559
mit 555 5559555555 9555551 werhen:

13. 61559 51655, 551551 5555 295555 551 (555115 bei 55 51555
55555559. 2155155511511155 5515 5155135515 555, 1115155ἱί51 et:
51551 155 nur 5511559 mit 555 55ιὶ1 fnit 955955551555115

14. 5551555551 non 21155911 in ὒ1155551). 5551551151 5551515555
5155555555 9515555 55551515515555115195 55555, 555 bet 1165511551
{tinet 55551559 5515155555 515, bah 5155 2155555555 {eine 55115555
51555555 55155155 55555.

15. 855555 mrum) (1115515, 25551), 5515551 un 55 65515555 iu
2611115559 bia 955 22. &member 1540. 2555555 555 2115151556 neuneu
155 5551, 551615595515591, et 5115 hei 5555 21519555 bie notationes
nor 555 955551, bie 15115115 55155555515955515 551 5155 511566 bet
5555551555 65551559 559555τί555 butte.

1155555515151 95 ben 5155955555 955511 bet nut 555 115τὶ5555
55151555 13551155 9555515

16. 35155 116555. 1155155555 155 minen, 955115 5555115555 uui
hie 555 §ciuem 6555 6155555 55555 1606 5551959555 95159555
tumen 55155555 55519155 nnn 55 2551555559 bet 55515555 555 55555951
95516. 555555 51555 ct 1531 uber 32 95 13555511 955555, mut 5555
95 6115955551) 55555195 ber 15555 (555155 non 6155595559 in 655155
55555 1560 55555 5151515556 555 1563 6555555151 95 5555551. 51
{turb in 55555 46. 5555565555 am 2611551 1578. Qu 555551551ῗὶ5
555 ein 55555 mur, 115555 {eine collectanea 555 1155551155 955555 jein.

5115155556 555 21551555 5595595 955, hub ἱίε 555 nod] 55 mutu:
55τί155 55155515595555551) 5595555555 huben! 555 55551 5515515
tinem 55511151651519 9515951 1155595 95555551 95 555. 55555 witin
tinet 5555555151 eine 16595 15555 951115 955555595555195 51555551
115555, in 511555 wit 55555555, hub 55 auf einen 55 551 mit 115555 be:
funnten 5559555555 9551519555.

1) 5555565595515555555 5515555555 55551555 {einer 65551559 [1555 561,
xx-xffll. - 2) 591. 1551115 — 6) 1321.R.E.¹10‚135ff. - 4) 591.
&citt 41, 2155. 1.

 

