6666616616 99166111.

619166 314·.

616161 (102). 167. 166. 667. 471. 674.
719⁸. 792.

61616 6111661661 9. 20. (27). 60. 32. 42.
71. 133. 181. 186. 211. 2792 926. 361.
499. 496. 691. 668. 734·. (762 ⁸). 764. 776.

6116166666 27661616.

61166666, 8666( 170.

61661 166. 661.

611666 ἱ. vtum.

09616 69. 96. 142. 296. 317. 377. 416. 419.
600. 616. 686. 667. 6781678. 748. 749.

6176616661626. 632. 636. 603).

(beminen 239. 246. 324. 326. 926·. 419.
681. 601. 629. 646. 663. 667. 673. 709.
7979. 764. 779. 794.

6176461162. 170. 672. 720.

6616, 666166 64.

616166 736.

671616 (26).

666111, sunnin (664).

61166166, 8166 262.

6461161 3. 90. 107. 146. 168. 216. 226·.
994. 980. 689. 390. 391. 997. 468. 469.
628. 686. 689. 607. 614. 617. 623. 631.
636. 647. 649. 701. 746. 797.

6666166616711 ἱ. Articuli.

616661 214. 260. 266. 600. 616. 673.

6661, 6166166 400. 7142. 743.

66161626.

666616 33.

66661166 660.

666161 233.

616166 194. 190. 960. 471. (672). 796. 740.

6116667166, 66166 447. 466. 614. 364.
749. 7621. 763·. 791.

66666666 471. 7614

61666136, bet 66111 666.

6166606136.

6116611. 462. 643.

6111661 VII. 446. 767.

6116612111 736.

61111766.

66611, 61666616 I. 8661616.

6616161666, 66116ἱὶ6) 3. 33. 46. 31. 107.
146. 148. 149. 266. 288. 909. 986. 409.
470. 473. 474, 626. 640. 646. 688. 696.
606. 616. 639. 669. 667. 714⁸. 762. 774.
786. 809.

6616166101.

6666166116 (360).

616611, 667166 117.

661111, 66661 266.

666660 663.

66611, 6716666 407.
6661166 VI. 633.

6661666 (26. 76. 113. 162). 163. 201. (241).
6676116661 (460).

6611 im 866167 774.
616116. 366.

66616166 6. 6. ( ).

Banna Moniana 333.
666666 261. 736. 603.
6611616616. 761.

baria 166. 644. 616.
66166116 263. 743.
666666, 8611666 616. 616.
6636 666 2176166 (306).
66666 473.

6161611, 6161666) 144. 146. 143163276.
274. 288. 982. 413. 422. 464. 469. 479.
474. 476. 476. 477. 686. 688. 696. 693.
719·. 723. 762. 774. 786. 809.

616166 111. 711. 766.

611616 466.

66661666166166 101. 413. 414. 611. 616.
719. 764.

66666) IV.‚ 96611 446.

6166116611 6166161130. (47). 463. 636.
616166) VIII. 666 6661666 100. 207. 210.
211. 291. 284. (286). 297. 361. 499.
611666) 666 286ῑὶ166066 30. 121. 133.
134. 181. (246. 276). 299. 906402. 490.

496. 646. (116).

61616, 6661307.

61666616 662.

61661, 67161161 7131.

61661666, 616( 666 723.

6166166 ἱ. 6661.

61666 366.

61666130.

66166611).

Η6161666161161 116114 347.

6116616 266. 632. 704.

6166116, 61661404. 766.

61766671).

6171366666 644. 646.

&enen 199. 181. 200. 710.

Η11161 (. 661366 666 61616.

61611, 866616 428.

61116 ἱ. 6611676661.

6166166116), 66661 (641. 673).

6111666666, hl. 16. 162. 242. 462. 624.
669. 762. 766.

6111666666 666 6166 66. 336.

6111666666, 667161). 6166τὶ.

 

