26 5151551555.

ventum, coactus sum dicere, hominem proponere, Deum disponere. Mi:
555555 5555 1548 wintonae in 5555555555 55555555 {ein 5555555 55555555
1555555 515551) 555515 ,551555 6555555555 5555555 55551551 1550 555555
[egen. (55555 555 55 515 555 51555555 5555 55555, 555 555 55555 &tene 55
55555555, 5555 5555555 555555 5551 5511555555, 5555555 555 9515555555 55555555
55555555 555 (55555555) 555 5555. 555 5555551558 5555 51555555
5555555555 55555, 55555 555ςί5555 in 555 55555555 555. 5555 5555
5555555555555 555 55155555 55555555 5551 5555 5555555555 55)
mainan.

555 5555555555 5555, 555 5515555555 {eine &teste 555 6555155555 in
5555555555 in 5515 555555 555555 555 5555 6515555555555 5555, 555 5551
ἰ5 555 5155555 555 55555 in 5555555555, 5555515471). wie& 1155555
55555 555, 5555555555 55 55515555 555 555 555555515555555555555
monumen 515555 1155515 5555555 5555555555, 555 55 555 55515555 in
5555555555 5555555 515555 55555 555 5555555115.

5155 555 5555555 {eine 5555555 555555 5555, 555 5551555555 555
6555555555555555555555555515, 5555 55 55 555 5555 5555555555,
555 55 55 ist, 555 5555 55 im 55555555 555 55555555 55555 55555555
555 55555555 5555555555, 55 555555 15 515 55555555 5155515555 55 55555.

555 55555555 55555555 5555555 8 5555551153).

1. 1515555555, 9515555555555555 1540.
(Math. L. 5155555, matt 1-451.)

9555 555 in 515555 5555551 5555555155 55555555 5555555555 55)
5155155555 5555555555, 5155 5555 5555 555 5151555555 Μ. J. Mathesius
55555555. 5115155555 5515555 5555 nutet 55555555 51555 6555551555
5155555 5555514). 5555555555 555551 555 555551 55155 55515. nutet 555 81¹²

555555, 555 5555 555555 55 551555 555155 555 555 555555 311 555555 (55
55555555 5555515555, 5555 55 55555 615555551556555555 (55555555), gang
51, 555 5155555555 55 in 555555 55555555555555) 5555555 555555 6555555

1) 55 tuith 555 15555 weita 5555 5551555155 5555555555555 (5115515555 555
555555555555 (55555555 555 6555555555 5555551. &t 5555515 555,,551555555555’,
55555 1514 55555555 {n 555555, 1535 5555555 5535551551555 1541-41 mat 55 555
55555 1555555555 5555555. 51555155, 1155555555 55555155 555 &t 55555555. 51,
54-57 555 100. - 5) Die 5155555155 55555155 5551555 bei 555 555555 555 3555555551
515555515455551541. - 5) Sd) 55555555 55555 5155555115 51551 in 555 5555555155,
55 555 55 in 555 55555555 55555555 5555, 5555555 in 555 5555555555, iu 555 5115555555
55 5555555555 5555 555 555555 5555555555 5555555555 551, - 4) 5555511555. N.
&cite 11. - 5) 5115155555 LH. XII, 154.

 

