464

29919191), 09919991) n. Ῐ. 211911.
9117107136. 638.

9911118 ἱ. 0911ῑό61196.

2999911 711·.

2999991991, Qut? 707·.
9991111919, &ichen 124.

09916699οηὶ99 547.

§lactantius 624.

911191 166.

89916911, &tuna 809.

991991) 783.

imminit, 2999 68.

[ami-re 80.

8991161611130171. 608. 767.

89992090969120. 128, 181. 1986816119.

mmmmmwwmz
234. 274. 288. 470. 473. 688. 762. 774.
786. 793.

mmmmmmmwm
mmmfflwwmz

0999991 331. 627.

flea 278.

5319111οω611. 661. 7637. 766. 807.

sswfflmmmmmm
634. 639. 724·. 7626.

fflww

ssembutq 1. 9619991999.

fleo, ffiubbinet 169. (723).

8191119996, 191. 779.

9111119 638.

§leton (1), 1119991 724·.

§leviten 687.

99919, 1111199190 be 767.

Libellus de miseria curatorum 709¹.

-, 211919919911691199919 7261.

-, 891. 1196991111.

0161996699, 391999 639.

ssiat, 8999101991 141. 190. 436.

mm

mmmm

mm

&mm

89991, Solent) 1. 3191191191.

. 9996118999.

ssmmm

911111, 21191119 18.

mmmm

9119119 bet 99691 7141.
mmmmm

0119196999 (91911999) 1966191199 7ο7·.
99999 781.

6111116, 0110119. 6. 266. 270. 274. 627. 787.

1119196111ἱῷιὸ 1111911119.

0919921199. ἱ. 0199619999.

9711199669.

89711, 61911471.

0111911911, 211199τί1 7111.

8911919 nnn 1699999 123. 186-738.

9919191111. non 99991τεὶ6) (633). 610.

Eunu, 81199111 738.

9119161199 040.

11111166ηεί1). Quae.

Lupus, Lupi-Bmel 763.

Quam, 6199919911 7171.

Quamnam, 9999996991 22. 123. 235.
264. 734·. 744. 746. 7629. 776.

510111766111111 193. 616. 669. 760. 763.

29119999 0116191119 34.

§sumere 9999 961191 2. 3. 16. 17. 28. 53.
61. 63. 96. 100. 134. 161. 176. 184. 202.
212. 262. 2761 326. 332. (3341) 347.
(390. 407). 467. 472, 490. 666. 671. (683).
696. 638. 619. 639. 644. 719. (721). 722.
732. 7371.

§luthere 919119 991 8619111969 (991. 9996
9999906601) (29). ³8. 95. 103. 114.
184. 243. 472. 676. 768.

- 0111911111) 2767

wwmwmm.

— 2099191199 673. 615.

- 0199999119 672.

- wastin 346. 602.

8911)πό 66911199 991 1691111 (991. 81611
Μωψ9ηηωωω
110. 141. 170. 177. 188. 212. 237. 262.
268. 309. (310). 314. 316. 321. (626).
360. 382. 403. 421. 433. (444). 496. 644.
648. 662. 679. 688. 696. 628. 644. 646.
mwwmmffimm

ssmnm

8919999, 8191919919. 7171.

Macedo ἱ. 11611199 non ῇεῇιιι.

2119911οηί91 682.

2199116999 108. (180). 640.

1199116919, 819. ἱ. 11911199),

21199111. 9169919919.

2119911119 0119. 478. 7621.

11199911 387.

01911119 241.

2111119999 (723). 776.

2119119111 402.

1119199 (991. 1111911191 non 2119199) 10. ³1.
198. 369. 738.

1119199, 011999 217. 6494168. 736.

1191196199 413.

 

