42 0515555.

9555555555 555 555551) im 555 1542. 05 5. 055 {olgi 05. 558 55
571, 55 6., 7. 555 8. 055 05. 572 55 599, 555 05. 560 5605 5 55
{Inquit 1542, 05. 575 5 55 5555555 1542 555 05. 598 5555555155
5 5555551543. 5501555555 55 niet 5555 9555 05. 600 55
643 555 555505 555 55 feste 5555555 55555 0555 555555
05611 5555 5 55 5555551543, 05. 614 not 55 25. apra 1543 555
05. 628, 633 555639 5 55 2255 1543. 55 muge 5555 5 5555555,
555 55 55 0555555 555 05555555 55 55555 0555 un 505 &teum
5555 55555 55555 555, 555 55 51555 555, 555 [ie 5 555ῐί55
55555 5, 55 555 mir 5 05. 488 55 643 cine 5555155ίὶ5 5555555
55555 05555 nun 055555 555 55 sseit 555 5555555 1542 55 5
555 6555655555 1543 not 555 5555.

0155505555 0555 55 non 5555555 5555555555 0555 {ft
5 555 5555555155 5551. 05555555 555 555 5555552 05555555
5551 55 55 5551555 obet 555 55555 5555555 (5555 55555555,
2555 mie 5 555 0555555555 0555555 555 5555 1539 (5. 055555) 555
555 055555 (6. 055555) 55 eine 0555551 55555 555 55 5515 5
5555 05555 nun 0555 555 55 55555 1542 555 43 fust 555 55 turgeu
dicta Lutheri, 55 joci, 55 5 55 555555 555555 355555 555.
05555 555 id) 555 5555 2. 0555555 5555555 555555 [niffen. 055
5555555 nvn 550555, 55 5555 555 nieht 5555 55 0556 55555155)
555, ist 5 556) 555 555555 55 55555 55555555 ein 5555 55555,
555 55 55 55355 55555555 55 02555555 gibt, 555 0555 5 ein
555555 5555 5 55555 555 55 5555555555 311 555555, 5 555
mit 5 555 ciuem 555515 05555555 55555 55555. 055 555555,
5555 555555 555 55 55 9 2555, 55 5555555 552 95555555 §zaga
555 aufe 5555 1538 55555555 550), 555 55 5555 555555 05. 514
555 622, menen beten 55 auf 55 05555555 05. 552, 1 5560515555.

1555 55 55555555 555 &braden 55 05155555 055555 [teht 5
5555 05555ιί5 55 8555555 5555555555 55 555 (5515. &ie 555
, 136 5555515, 555 5515 ibt 20 9555 55 55355 55555555 005
055 ist 5 5555 055555 555555 5ἱὶ5, 55 5 55 &amulung 55
055555 non 1540, 555 555 555 und) 55 5515555 &tenen 5555 unite
55555555 55555155 5555055551.

Fan. 555 5 126 5355555 einen 555) 5555 055. 0555 055555
55555555 55555τὶ5, 55 not 1551 55555555555 5555 55 5555),

1) 5555056151. - 2) &ebe 05. 512, 1; 55 10. 555 555 id) 1555 55
55555555 0555 515 05. 652 555555. —— 3) 95565 1555. Ν. &cite 80, 05. 25
555 Fan. 5555 55 555555555555515, 555 55 05155555 Μ. B. 1551. aui 55
weda 5555 155 55 terminus ante quem. ’

 

