48 &iuleituufl¹

bena 55 iit 5555551555, 555 555 ‘manner 5555555515 5555555555 555555
55551555 {Heben 555 555 5555515555 6555551555 55551555 5555555515 hatten.
55555555 51 eine bet 5τεί 5555555555 bie nueue 515 bie beiben 55555
5555555, 555 asse 5τεί 5555555555 gehen 555 eine 5555555555 5155555511(
555 355555 555151.

55 15551 5555, 555 51555551 555 555155 555 1115555555 5555555555.
&r mut ju, mie mit 55555, 559555555555555551555 51555 555 555
55555 in 555555555551555 555 55555551ῑί55 4555555555 555, 51555555.
&ab 55 5551 in 5555 5155555111 5555155 5551 5551555 155, 55555515ῐί5
autin 555 5555 55555555 55555 1115155ἱί55 5555555 5511555555555555
555 5555555155 155555 555 515555τεί55 5511555555 355 5555 55 15555155.
55551 55555111 qeqen 1115155555 5555555555 1551555551, 555 11555555 555
ῦ555555 55 55565115, 551115155ἱὶ5 in 55555 51555τί555 555 5551555
5555555, in 55555 5155555555 555 555555 55555555. 5155 an. 5555
1115155ἱί55 5555 5551 555555τί5555 55555, 5555 1551555555 5555555 5515555
5555555551 5555555155 1548 5555555555, 5555555 1115155ἱί55 {eine 515
55551 55555 55 12. 51551 1548 55 5155ςί555 5555555555 551. (55551555
5355555555 5555555 555 {eine 515555τί55 5555 in ben 35555 1543 555 44 in
15555555 5555τί5555, 555 1115155ἱί55 555 555 551555 555 555 555551 im
&rstbiubt 1545 in 5551555551). &o {ft 55 5551555155, 555 55555555
bie 4155551555 5555555 {mettid} 555 maestae iibetnnmmen 551, 555
555555551555155 ist 55, 555 oben„ Bav. 555 1115555ἱί55 - 51511551 5555
metuere 8555551555 - 555 einer 5555555555135511511 55555555 555,
ia 555 15555 55555515555555551555, 5555 555555 1115155555 5555555
555, 555 5155 515555 555 5115555 5555155555, 55555 55555555 555
15555555 1551555555 55555.

&Die 515555, 55 in 555555555511555555115555 555 515555 55115551,
ubet 5555 5551 ulle 51555555 555 535555 5555515 5555, 5555555 555 555555
5511) 555 555 6. 51555515 bet 11115555ῖί5555 5555551555.

155555 55 55555 gangen 6. 51555555 555 555 5155155555 5555555ῐοὶ555
555 bie eingeInen 155555 555 5551 55111τί51555, 555555 5551 1555555155
5855155555.

7. 51555τί555 555 5115155 65551555.
(1515. L. 555 455-545.)

55 7. 51555555 555 5555555 5555555551 5515511 eine 555115 5551
555555555555555555 5555551555 555 149 515555. mammet [inb 5555
555155 515 35 5155515155 311 55 1115155ἱί5555 (55551555 555 1540, feruet

1)Θὶ5551551512,555.5. - 5555155 ἰῇ 555 ber 51151555551555 555
8. 5155555555 5555555555.

 

