1111111111. 57

11311111111111 111111111111111111111 1111111111 111 6111111111111 1111
1111 11111 111111111111111111111111, 11111111111111111 11111111 111. 111
111 11111111 1111 11111111111116111111111 111111111111, 1111 1110111192
1111111111, 111 111 111 11111111 1111 111111111 111111 pater meus in Stolpen
1111111111111111111111111 1111111 111111. 11111 111 11111111 3111111111
11111111111111111 mit 11111 111 Gord. 1206 = 111. 106, 143 111111
1111111111 111111 111111 111 11111 1111111111 11111111 111 3111111111
1111111111, 1111111111111 111 1111111111, 1111 111111111111111111
1111111111111111111, 1111111111 11111 1111111.

Sd) 1111 1111 111 11111111111111111111, 111111111111111111111111111
teil 111 1111111111 6111111111 5111111111 1111111111, 111111 1111111111
111111 111111 11111. 111111 111 1111111111 111111111111 11111111 1111
2111111111, 1111 11111111111111111111 111111 11111111 111111, 1111111111
1111111111 1111111, 11111 11111111 1111111111111111 11111111111111111 1111
111111 &effen 111 11111111 1111113111111 111111111111. Qu 111 1111 111
111 1111111111 111111111111111111111111 1111111111 111111111111 1111111
1111111111 1111 11111, 111 11111111, 11 1111 11111111 1111111111111,
1111111111 111 1111111 11111111 1111. 11111 1111111111 11111111111111111
11111111111111111 61111111111111111111111, 3111111111 111 111111111111111111
111 (11111111 11111111 1111 11 11111 111111 11111 11111 111111, 1111 (11111111
1111311111111111111 1111111111 11111 11 111 1111111111111111111 11111111,
1111111 11 11111 111111 111111111111 111 111 11111. 1111111111 111 11111
9111111111 11111111 1111111111. (1111 111111111111111111 11111 11111111
111 1111111111 111, 111 1111111111 11111111111111 1111 111 1111111111111 11 111
11111111111111131111 1536111 31, 1538 1111539 11111111. {gie
111 11111, 1111111111111111111111111111111 11111111 11111111, 111111111
111 1111111111 11111111 1111 1111111111 11111. &ie 111111111111111111
111111 1111111 111 1111111111 111 1111111111 111111111111111 1111111111
11111111111111111111111 11111111 1111111111 111 111111, 1111 1111111111
11111, 1111 11111111 1111 111 111 111 1111111111 1540 1111111111111111
1111111 11111111 1111111111111111,11 1111 6111111111 11111111 111111 1111
111 11111111 11111 11111111111111111111111, 111 111 111111111111111 111111
&testem 111111 11111 111111 1111111111, 1111111111 11111111. 1111111111111
aud) 111 11111111 111 5111111111 11111111 1111. 11111111111111111 111
111 1111111 1111111111 1111111111 111 1111111111] 111111 1111111111111111 1111 111
111 11111111111111111111 11111111).

1) 1111111111 11, 1111111111 11111 1111111111 11111111, 1111 ἣ111111111111111111111.
31 1111 iugem 111 111 31111 1511 111 37 (1111111111 111111 1111111111) 11111
1111111111 &tilde 1111 1111111111111111 111111 111 6111111111 1111111111111ῖ1111111
1111 3111 1133 11111111111111111111111111111 11111111 6111111.

 

