24 OEinltitunfl.

11115151 111. 1111 1151 51115511115115, 1111511511 11111122 111511 11
5111111515 11115 51111111, 115 51 1111 51511115 111 31511 1571 111111151, 11
11511 11 -1111155111 1111 5112251511 111 1551111111 1511 1115 1111115
1115111- 1111 1549 1511501115 5111115115 5111111115 151111111 115111
511111511511 111 11115115 11511151511 5111. 151 11115 5115511115115
1111111 22 11111151 23 51511 51 11111 1111.

1111511511 1111 1111 11 51511 (1548 511 5151 1558) 51111111 115
12 51511 (1111115 1559 511 1571) 5111111 11 5111115115. &eine 551
1111 1111 11115111 11115 51115111. 1567 5151111 11 11 111111 5111111) ,111111
1111111115 111 1111111 1115111. &eine 11111 5111111111 111 5115115151111
1511 115 111151 1113. 11111 1571 51511511. 5115 5111115 511111111111115
1111111, 1111 5511115115 51511515 111115111115111 1111 1115 1612 11151511.
5111151111115 11 5111115115 111 17. 51511511 1571. 5511115115 11151
51151 „lpse sepultus in templo. 515 1111111 5151 111511 111461, 51111
511511 11111 511 111115 115 5151151111 1111511111 115 51111111111 151
15151. 51 1111 111511151111 811111, 51111 Mathematicus, 1111 11111 11
5115511 11111111511 5115511, 5115111111 115 115111 5151111111 51515111

51551115 1115 1111511511 11 111111 515115 1115115111 11111151 51111,
11115111 11 1115 11111111151511111111111 511511111511 511511115115511
51. 11511 1111151151Μ1ρρ1 1115551111, 5111511, 1511111511 115 511
5155111115111 5151 111 5111111111 111 115151151111111111511 11 5111511
5111111115 11 51111151151111111111 1111115151111115 1115 1567 -111151511
1111111115151 - 51511 511 511511515115, 111 1111111111 51 1111

5111 111 511111 8111111111111115115111115151, 111111 111 1111511511
51511 5111515111111 11151 5151151, 1111 1111 5115115551151151151111 511
1115115111 111, 11115111115111 11155111111111 1151111115115 11131511 1546.

5111111111 111, 515 11 11511 111151 3111 111 1546 11151 11151 11 5111115511
1111, 115 515 511 51111115 11111551111111111 1151111115115154451115
511 51111115 11151511111511511 1115 5111114) 1111 51111511 1111. (111511
5115111511 115111115115 11115 11151 51111115 51511515115111111, 111 111
1111 5111111151). 11511 1115 155111511 51111, 515 511 11151511 511 1111551511

1) 151. 511551111111511515111511. 51111. 103181 ,1511 111151111111 51111111
51151 M. 51511 111511511 5111111151. Ao. 1551. In puncto Flaccianismi.“ —
1) 5111 1111 5111111 11511 5111111. 551. 511 151111 1115111511111151 5511511 5115111
1, 183. - 3) 5111110318. 551, Q. 5151115113111115111111111511151111151511
5115511. 1, 1411. - 4) 5. 5. 6151111511, 511111151511111151115151111111511
1111111. 15. - 5)Θ15111115115101111111111, 5111113111151115111, 5155111111115
115111151551511111155111 1115111511 1111511. 511 1511111 1111111 ,,Α. 1510. 1556. 111
1111511 211111 1111 5111111, it. b. 11. Iul. 1151, 1111115111 1557.” 5151111111151111
511111 5115111151, 51511151151111111155111111 111511 111111 115 111111 515111 51111111
51151111 1111511 1540, 1555115 15515 5111 11151511 1510 1115111115 1511 5111115111

 

