64 5151111515.

511 bie 1551111515 neuen 5511151 15151511 5155151 legen, 5551115 niele 551
15551 11111555 515 555 15155551 ε115ε111 mit, 555 ulle 5151511551 51ε1
gum 1111155151 in ein 5115551118551 5511ε11 werhen, 555 5111111155
11151511155115555515555551515115515, 555 555 {ie 155115 15115151 551
5515551551 werhen, 511 bem 5515115151 55555111 1151 11551 1551111.

ί5111 1115151555115ε 1115111111 555 511 5155115111 1151111115 1111 5551 gu
nermenben, 15115 551 1151151, 511 11555 511 115515155111555511 5111
1151115115 1111151 5551 5515511, 55115 51115111ῐὶ1 555 5555551155 5111551511
1511515. 15155 515ε55ε1 5551515111 55555 ciuem 5555111515 5551551155
Su, 5111151111511555 5115151155 111 55511511555111 6515551511 mit
551 1151555111 (5551511555 555 551 511 511155111555555 5515155511,
15115511111515 5111115111 5551151515 155111, 1551 511111 8151151 51551151,
55ε1 5155511511 ben 5155111151 151111 ετ 515115 5555551551 1511551. 1511 55
51511 5115551555151115111 51185155155511111151 5115 5115155151 5ε1 515155
11151 5111111151, 15115 555115 51155111155115 geminum, 555 bie 1111511515
bet 5115115111 mit 1151555511 551 55155111 551111 1111115551 5115111111, gum
5115511151 5515151 1111115515, 551 mit 511 51515555515115151111 551
151511 51515151, 55115115 555 11151551151551 5115 6511511 155555155551
555 51155151115151 5111515115 15155515115515.

35 55111551 1555511551 5511 5515111 1551115 555 1115155111 555 511

15511111 6551511555 1155111151515515115515155511151, 15115151 5551515111
5511 5111511115 51155515ῐὶ15 51151115, 5555555555 555 5511111555 15551
5151 1511511115 5115511551. 1111ε5111ε1515115ε1515111515 115, 13515111 555111
555 511551 1151515 51151115551511511555155, 515 111 551151 1511 cignea
1155555515 555 ben 1155515115 551 51555551555555511151155155511
51111551 1151151 5515155151 551 3551151536 15151531 einen 5111 bet

51555115515515555115115 511511 51155511555111555 in 1ε15111551655155
[unq 5551511111, 5511 ετ 551 11 in 1155555111151 151111 getan, inhem et 511
555 5511111555 1111511151 5115111 11111 un 511 11511515 &telle 51511515 {eine
115551 1155551151511551155515 551. 1151 5155151115 551 10 511515 551
1155155551 5551555 551 1538 un 51151515 &tenen in 1151111151 151155
5111515511 115551 mitten in 51151 eique 6511515155 551 5151115511 1542
5115555151. 5155 51115511 555 511515 515 55155111 1555555515 &ie
5115551 in 15115 5555155515 eique 5551551155 1115 1155511551 5551
5115555555, 555 55155111 51155511 551 1515111115. 55111151 551 5555
5111515155551511115511 5515511111) 1115511 5551, 5515551555 55111 551
51155111, 555 ε1 - 55155151 - 51111 55515111551155555551115555115
5511 5515551555 55115551 in 515115ε151551151515511555 1111151 5151

1) Cord. 151.

 

