1151111555. 51

5511155155 115515, 555 55 5155 555 515155511515 5511, 11 1111151151
151515 1151551515 1555111155 11151 5555155555 555 1540 mit ber
1115151515 55511515, 15 11151 1551151511 1555551155 55115, 551 er &tilde
55555115111515 151, 511 1111515 551 6 5511 1 11511115 555 1155 1115111111
5555551515 151. 115511 5111111, 511 51515 11115 5511111, 551 1111115
111511 115515 65551555 155515111, 15115 115151115111515515. 1111651551
1555111515 1551 1115151115115151115 1115, 515 111155111115115115555
151111 111. 5555 511 1151511115 511 51551111 55511115551155 51511115,
5511111515 555 15111 111515 5551540 511511 151, 555 1515551151511511151
551111 5555155111) 511 11151155 515515151151111.

Det 65111511 555 555 111111 511111 5555151111, 511 15 mit Mem.
(Memorabilia) 51111551, 151115 115 5151 555511115. 511 5511111151 1155
511 511 1511115 11115155115511111. mae 1151111 5511115511 61151 (Mem.
111. 214) 151151 555 515 1111151155 15 11551555 1547. 5115555151111, 511
im 555115 218 11555115 15111111, 515155151111515111115. 1115155111 1155
22 1155111115 15 511 1115511155 6515511555 5551540. 115 1551 11155
515 1511511515515 6111115 511 1. 1151551111 1151155111). 1155 511115
22 1151511115 1111115 14 555 15515 7. 115155155111115115115555151115
5111 5111111, 511 11111 1111115 (111. 1, 320 555 311), 111115 511 51551111. 155
111515, 1155111555 55511115551155 15115111111115 555115111115155511515,
55 11151 Mem. 5115515115 511111515 115511555515. Mem„ 511 1115155111
511 1111111511 5555151111 (111515), 51551111 1155111555) 555 1111555555
551115 5115 15 511115 5111115 155 15155515. 1155 Mem. 1111 115 555
555511115, 551 511 111555, 511 51111611555511151111155 555115111515,
5511 511 115515 11511115 51111115 151, 5115 1115511111 111515, 555 15511
1151111151 5511 5111555111 115515 551. 1511 115515 5151115 15 Mem. 51515
515 1511111515 51155515 1151 11515111 1151155115 555 5115555115 511
115515 511 (1151155155 1155 15 5511511151111 5511 55165151 511
1511151511551515 1111555555, 5551515515, 1115151, 01511511 555111.
1115111155, 5111155111511151111155. 11111 1115151 1155115 1155 5511111
55115511 (Mem. 111146, 151, 156, 151, 159), 55111555 5111111 115 611111
(Mem. 111. 1311 15 551111 111. 13. 115 1551 Mem. 111. 131 555 159 55111
111. 13· 555 121· 5555511551151 1155111115 5551155151115551515 511
65551555 555 1540 5151555515. 15115111 555115 &tilde 511551 15 511

-.---

11 11511115 1151 111 1111 1115151511511115511111 515111 555 11115111511111151111111.
- 1) 51 155 511. 1, 115, 1151115115, 1151, 1511, 155*,115,515,111*,155*,
555, 115115, 511, 280, 319⁸, 515, 511, 551, 4451. 55 511 ciuem 51115 551151
111115 111115 555 15 555 ,7. 1115155111 555 Math. L. 1155 Mem. 1151 5115 551 1151 51151
1111. 1) 555 5115 1111115111 1⁶403 511 1511515 1151511115 15115 15 515 6555511 555 511511
5151151111.
4*

 

