52 OEiuieimnp.

1111111111111111 1111 1111111111, 11 111 1111111 11111111111111161111
111111 11111 11111111 fini:

(Mem. 111. 111.) &i 111 1111111 11111 uber 11111111111111111111111 11111 111111

ben ttim:
11 pai int iii¹)3
111111, 1111111 111
11111, 1111 1111111.

111 111 1111111111111111111 1111111 ‘iiii 111111 mni 1111111 Si, 111 111 ἱ)1; ubet:
111111, 1111111 11, 111111 1111ῑὶ11 1111111111, 1111 inminet: 11111, mai 1111 ἑῇς 1111
1111 ffittsseoistil‘lzuiupen, 11111 111111 init, 1111 1111 111 ionii 11111 iiie 111111 11111111)

(11111111. 161.) Dictum Friderici electon's saxoniae 01 Seneca, quem diligen-
tissimo solitus 111 legere:

Deliberundum 111 111, quod statuendum 111 semel.
iiiun 11111, 11 11111 muge. M. Μ11111111.

(Mem. iit. 116.) Historia.

Ann01530, 11 111 11111111 1111111111 mar, 111 111 nitier burget 1111111 11111111
111111 itii pu 11111 1111111 111111 1111, wie 111 fici 11111 11111111 11111111, 111 11111111
11111 11111 111111, Dominum Philippum, Brontium, 111111, 01111111 111 Wimpinam
111 1111111111, 111 11 mun 1111111 11111111111111, 11 111 Dominus Philippus
111111111111 11 111 1111111 111 benedicite. 11 111 wimpina, 111 111 111 11111111
111111 111 obnitentium mut, 111 Philippus 11111, 111111 1111111101111111, 11 111
1111111111 1111 11111 11111111. 111 111 Philippus 111111 111, mut 11 1111111111111111
111 111 ficiunt, 11 111111 1111, mai 11 111111111; 11111111111111111111111111111
111 111111 11111 tetii, 111 1111111111 11111. 1111111111 11111111 111 1111111111. 8¹¹²
1111 11 ite 111 111111 111111 11111 1111111111 111 111 11) 111111111111111111111111
111111111111, 1111 cocleas 111 111 1111111, 11111111 {uptus 1111 ste 1111111, et 111111
111 111 1111111 1111111, 111 111 11111111 1111111111 1111111 11 111 Philippus 1111111111
,11 io 111111 wit bei 1111 nutet 11111111 111 mii 1111111, nm 11 111111111111111
ineufi M. 1111111111.

(111. iu. 111.) maurinu

11 111 111 1111111, 111 1111 1111111111118 11111111 1111110111 1111111111
11111111 11111111 iii) 111 111111 111111 111111 11111 111111 gemuli 11111 11111111 budp
11111 111 111 11111111 1111 funigen: C. Μ. Β., 111 11 111 111111 11111111, 111 011111,
Melchior, Β11111111ς 1111 111111 1111111 mun 111 11111 11111111, 111 init 11 11111111,
111 11111111 1111 gemuit 11 111 ortem 11111 1111. w 11111111 1111 111 111 11111111
1111 1111111, 111 111111 111111 11111, 111 111 111 1111111111 un autmari 1111 11111 111
iugi: „iiie ³ 1111111111 1111111111 11 fid) 111 111111111111111111111111111, 11111

1) 1111 1111111111 LH. ΧΠ, 141¹’3 9111111118 111 111 1111111111 1111161111 880.
- 1) &unp 1111 1111111 1111111111 1111111118 11111 (11111111, 111111111111
1111111111 111111 111. - 1811111111111 111 1111111111 111 111 1111111111 11111 11
111111 1111111111 1111 1111111111.

 

